Stopped on iterations - objective value 59055.00000000
      0 x1                     1                    971
      1 x2                     1                    203
      2 x3                     1                    530
      3 x4                     1                    271
      4 x5                     1                    566
      5 x6                     1                    477
      6 x7                     1                    268
      7 x8                     1                    421
      9 x10                    1                    410
     11 x12                    1                   1386
     12 x13                    1                    424
     13 x14                    1                    350
     15 x16                    1                    580
     17 x18                    1                    480
     18 x19                    1                    534
     19 x20                    1                    387
     20 x21                    1                    633
     21 x22                    1                    720
     22 x23                    1                    759
     25 x26                    1                    593
     26 x27                    1                    591
     27 x28                    1                    618
     28 x29                    1                    933
     29 x30                    1                    462
     31 x32                    1                    354
     32 x33                    1                    667
     33 x34                    1                    339
     35 x36                    1                    426
     36 x37                    1                     61
     37 x38                    1                    211
     38 x39                    1                    284
     39 x40                    1                    519
     40 x41                    1                    433
     41 x42                    1                    424
     42 x43                    1                    427
     43 x44                    1                    639
     44 x45                    1                    440
     45 x46                    1                    438
     47 x48                    1                    454
     48 x49                    1                    458
     49 x50                    1                    643
     50 x51                    1                    430
     52 x53                    1                    514
     53 x54                    1                    475
     56 x57                    1                    538
     57 x58                    1                    613
     58 x59                    1                    660
     59 x60                    1                    563
     60 x61                    1                    217
     63 x64                    1                    464
     64 x65                    1                    428
     66 x67                    1                    713
     67 x68                    1                    548
     68 x69                    1                    540
     73 x74                    1                    399
     74 x75                    1                    494
     81 x82                    1                    708
     82 x83                    1                    249
     83 x84                    1                    412
     85 x86                    1                    514
     89 x90                    1                    293
     92 x93                    1                    636
     93 x94                    1                    401
     94 x95                    1                    956
     95 x96                    1                    583
     97 x98                    1                    566
     99 x100                   1                    532
    101 x102                   1                    531
    105 x106                   1                    426
    274 x275                   1                    381
    894 x895                   1                    349
   1193 x1194                  1                    437
   1292 x1293                  1                    939
   1452 x1453                  1                    596
   1466 x1467                  1                    691
   1471 x1472                  1                    858
   1519 x1520                  1                    592
   2389 x2390                  1                    411
   2536 x2537                  1                    602
   2551 x2552                  1                    997
   2816 x2817                  1                    820
   2837 x2838                  1                    376
   2871 x2872                  1                    526
   2883 x2884                  1                    664
   2991 x2992                  1                    580
   3202 x3203                  1                    233
   3402 x3403                  1                    554
   3517 x3518                  1                    626
   3869 x3870                  1                    529
   4092 x4093                  1                    947
   4685 x4686                  1                    269
   4701 x4702                  1                    942
   4892 x4893                  1                    367
   5031 x5032                  1                    778
   5107 x5108                  1                    770
   5211 x5212                  1                    349
   5424 x5425                  1                    483
   5873 x5874                  1                   1862
   6045 x6046                  1                    557
   6792 x6793                  1                    414
   6957 x6958                  1                    782
   7021 x7022                  1                    367
   7730 x7731                  1                    655
   8130 x8131                  1                   1562
   8635 x8636                  1                   1003
