0 100.00
1 18.96
2 12.03
3 8.81
4 7.54
5 6.71
6 6.58
7 6.54
8 6.51
9 6.48
10 6.47
11 6.47
12 6.47
13 6.47
14 6.47
15 6.47
16 6.46
17 6.45
18 6.45
19 6.43
20 6.43
21 6.43
22 6.41
23 6.41
24 6.41
25 6.41
26 6.40
27 6.40
28 6.40
29 6.40
30 6.38
31 6.38
32 6.38
33 6.38
34 6.38
35 6.38
36 6.37
37 6.37
38 6.37
39 6.37
40 6.37
41 6.36
42 6.36
43 6.36
44 6.36
45 6.36
46 6.36
47 6.36
48 6.36
49 6.35
50 6.35
51 6.35
52 6.35
53 6.35
54 6.35
55 6.35
56 6.35
57 6.35
61 6.35
62 6.35
65 6.35
69 6.35
71 6.35
72 6.35
75 6.35
78 6.35
80 6.35
82 6.35
88 6.35
90 6.35
97 6.35
100 6.35
107 6.35
112 6.35
116 6.35
122 6.35
127 6.35
134 6.35
136 6.35
137 6.35
145 6.35
148 6.35
156 6.35
161 6.35
166 6.35
173 6.35
179 6.35
183 6.35
194 6.35
198 6.35
211 6.35
216 6.35
236 6.35
