0 100.00
1 19.53
2 17.58
3 16.42
4 15.47
5 14.90
6 14.36
7 13.95
8 13.55
9 13.31
10 13.10
11 12.92
12 12.82
13 12.73
14 12.66
15 12.61
16 12.57
17 12.55
18 12.55
19 12.54
20 12.54
21 12.53
22 12.53
23 12.53
24 12.51
25 12.51
26 12.51
27 12.50
28 12.48
29 12.48
30 12.46
31 12.46
32 12.44
33 12.44
34 12.40
35 12.40
36 12.36
37 12.36
38 12.34
39 12.34
40 12.34
41 12.32
42 12.30
43 12.30
44 12.30
45 12.30
46 12.30
47 12.28
48 12.28
49 12.27
50 12.27
51 12.26
52 12.26
53 12.26
54 12.25
55 12.25
56 12.25
57 12.25
61 12.25
62 12.25
65 12.25
69 12.25
71 12.25
72 12.25
75 12.25
78 12.25
80 12.25
82 12.25
88 12.25
90 12.25
97 12.25
100 12.25
107 12.25
112 12.25
116 12.25
122 12.25
127 12.25
134 12.25
136 12.25
137 12.25
145 12.25
148 12.25
156 12.25
161 12.25
166 12.25
173 12.25
179 12.25
183 12.25
194 12.25
198 12.25
211 12.25
216 12.25
236 12.25
