3 100.00
4 72.98
5 72.98
6 71.12
7 71.07
8 69.22
9 61.78
10 60.11
11 58.43
12 58.41
13 55.70
14 52.04
15 51.99
16 51.36
17 51.17
18 50.66
19 50.02
20 50.00
21 49.98
22 49.96
23 49.94
24 49.94
25 48.48
26 48.00
27 48.00
28 47.70
29 47.12
30 46.76
31 45.90
32 45.47
33 45.46
34 45.07
35 45.07
36 44.91
37 44.29
38 43.95
39 43.39
40 42.80
41 42.80
42 42.15
43 42.15
44 42.15
45 42.15
46 42.15
47 42.15
48 42.15
49 41.74
50 41.58
51 41.58
52 41.58
53 41.58
54 41.30
55 41.30
56 41.07
57 40.63
58 40.63
59 40.63
60 40.46
61 40.46
62 40.28
63 40.14
64 39.95
65 39.81
66 39.72
67 39.72
68 39.72
69 39.72
70 39.72
71 39.56
72 39.56
73 39.36
74 39.22
75 39.22
76 39.13
77 39.13
78 39.13
79 38.81
80 38.72
81 38.66
82 38.56
83 38.56
84 38.56
85 38.50
86 38.50
87 38.50
88 38.50
89 38.50
90 38.37
91 38.37
92 38.37
93 38.23
94 38.23
95 38.23
96 38.23
97 38.23
98 38.14
99 38.14
100 38.12
101 38.12
102 38.08
103 38.01
104 38.01
105 38.01
106 38.01
107 37.96
108 37.68
109 37.62
110 37.62
111 37.47
112 37.47
113 37.47
114 37.47
115 37.38
116 37.24
117 37.22
118 37.17
122 37.07
123 37.07
124 37.07
125 36.96
126 36.90
127 36.80
128 36.80
129 36.80
130 36.69
131 36.69
132 36.63
133 36.56
134 36.55
135 36.55
136 36.55
137 36.51
138 36.51
139 36.44
140 36.44
141 36.38
143 36.38
144 36.38
145 36.38
146 36.38
147 36.32
148 36.32
149 36.32
150 36.26
151 36.26
152 36.10
153 36.10
154 36.07
155 35.97
156 35.97
157 35.97
158 35.88
159 35.87
160 35.84
161 35.84
162 35.83
163 35.82
164 35.82
165 35.81
167 35.81
168 35.80
170 35.79
171 35.79
172 35.70
173 35.70
174 35.70
175 35.70
176 35.70
177 35.70
178 35.70
179 35.70
180 35.69
181 35.69
182 35.67
183 35.67
185 35.67
187 35.62
188 35.56
189 35.55
190 35.55
192 35.55
193 35.55
194 35.52
195 35.49
196 35.49
197 35.46
198 35.46
199 35.43
200 35.43
201 35.43
202 35.43
203 35.41
204 35.38
205 35.38
206 35.34
207 35.34
208 35.34
209 35.34
210 35.34
211 35.31
212 35.30
213 35.30
214 35.30
215 35.30
216 35.30
217 35.27
218 35.27
219 35.26
220 35.23
222 35.23
223 35.21
224 35.19
225 35.16
226 35.16
227 35.16
228 35.16
229 35.16
231 35.16
232 35.14
233 35.12
234 35.12
235 35.12
236 35.09
237 35.09
238 35.09
239 35.09
240 35.09
242 35.09
243 35.09
244 35.05
246 35.05
247 35.00
250 35.00
251 35.00
252 34.99
253 34.99
254 34.99
255 34.98
256 34.98
257 34.98
259 34.98
260 34.98
261 34.98
262 34.98
264 34.98
266 34.95
268 34.95
269 34.95
271 34.95
272 34.95
274 34.93
275 34.93
276 34.92
277 34.92
278 34.92
279 34.89
280 34.89
281 34.89
282 34.89
284 34.89
285 34.89
287 34.89
288 34.89
289 34.89
290 34.89
291 34.89
292 34.89
295 34.89
296 34.89
297 34.88
298 34.88
299 34.85
300 34.85
301 34.85
303 34.81
304 34.79
305 34.79
308 34.79
309 34.77
310 34.77
311 34.77
312 34.77
313 34.77
314 34.77
315 34.75
316 34.75
319 34.75
320 34.75
321 34.75
322 34.74
323 34.72
325 34.70
326 34.70
327 34.70
328 34.70
329 34.70
331 34.70
332 34.70
334 34.70
336 34.70
337 34.67
339 34.67
341 34.67
342 34.67
344 34.67
347 34.65
349 34.65
350 34.65
353 34.64
354 34.63
355 34.62
358 34.62
359 34.62
361 34.60
362 34.58
363 34.58
364 34.58
365 34.58
366 34.58
367 34.58
368 34.57
369 34.55
371 34.55
372 34.55
374 34.55
376 34.55
377 34.54
379 34.53
381 34.53
382 34.53
383 34.53
384 34.53
385 34.53
387 34.53
388 34.53
389 34.53
390 34.52
391 34.52
393 34.52
394 34.52
395 34.51
397 34.51
398 34.49
399 34.48
401 34.48
402 34.48
404 34.48
407 34.48
408 34.48
409 34.48
410 34.48
415 34.48
416 34.46
420 34.46
421 34.46
422 34.46
424 34.46
426 34.46
430 34.46
431 34.46
432 34.45
433 34.45
434 34.45
436 34.44
437 34.44
439 34.44
440 34.44
441 34.43
442 34.43
444 34.43
446 34.43
447 34.43
448 34.41
450 34.41
454 34.41
456 34.41
458 34.41
460 34.41
461 34.41
469 34.41
470 34.41
472 34.41
476 34.41
477 34.41
478 34.41
480 34.40
481 34.40
482 34.40
483 34.40
484 34.40
485 34.40
487 34.40
488 34.40
489 34.39
492 34.39
497 34.39
499 34.39
500 34.39
502 34.39
503 34.39
504 34.39
505 34.39
507 34.39
514 34.39
516 34.37
517 34.37
520 34.37
524 34.37
526 34.37
529 34.37
536 34.37
537 34.37
542 34.37
548 34.37
549 34.37
556 34.37
557 34.37
559 34.37
561 34.37
