6 100.00
7 89.58
8 79.45
9 74.35
10 74.30
11 74.30
12 74.30
13 74.24
14 74.24
15 74.22
16 74.19
17 74.15
18 74.15
19 74.15
20 74.14
21 71.18
22 69.82
23 68.70
24 65.04
25 62.79
26 56.16
27 51.49
28 51.48
29 51.48
30 49.33
31 49.33
32 47.50
33 47.50
34 45.70
35 45.69
36 45.69
37 45.68
38 45.68
39 45.63
40 45.60
41 45.60
42 45.59
43 45.59
44 45.59
45 45.59
46 45.59
47 45.58
48 45.58
49 45.58
50 45.58
51 45.57
52 45.57
53 45.57
54 45.57
55 45.57
56 45.54
57 45.54
58 45.54
59 45.54
60 45.54
61 45.53
62 45.53
63 45.53
64 45.53
65 45.53
66 45.53
67 45.53
68 45.53
69 45.53
70 45.53
71 45.52
72 45.52
73 45.52
74 45.52
75 45.52
76 45.46
77 45.45
78 45.45
79 45.45
80 45.45
81 45.45
83 45.45
84 45.45
85 45.45
86 45.45
87 45.45
88 45.45
89 45.45
90 45.45
91 45.45
92 45.45
93 45.45
94 45.45
95 45.45
96 45.45
97 45.45
98 45.45
99 45.45
100 45.31
101 45.31
102 45.31
103 45.31
104 45.31
107 45.28
108 45.28
110 45.28
111 45.28
112 45.28
113 45.28
117 45.28
119 45.28
120 45.28
121 45.28
122 45.28
123 45.27
124 45.27
125 45.27
126 45.27
127 45.27
128 45.27
129 45.25
130 45.25
131 45.25
132 45.25
133 45.25
134 45.25
135 45.23
136 45.23
137 45.23
138 45.23
139 45.23
140 45.23
141 45.23
142 45.23
143 45.23
146 45.23
147 45.23
148 45.23
149 45.23
150 45.23
151 45.23
152 45.23
153 45.23
154 45.23
155 45.23
156 45.23
158 45.23
159 45.23
160 45.23
161 45.18
162 45.18
163 45.16
164 45.16
165 45.16
166 45.16
167 45.16
168 45.16
169 45.16
170 45.16
171 45.16
172 45.16
173 45.16
174 45.16
175 45.16
176 45.16
177 45.16
178 45.16
179 45.16
180 45.16
181 45.16
182 45.16
183 45.16
184 45.16
185 45.16
187 45.16
188 45.16
190 45.16
191 45.16
192 45.16
193 45.16
194 45.16
195 45.16
196 45.16
198 45.16
199 45.16
200 45.16
201 45.16
202 45.13
203 45.13
205 45.11
206 45.11
208 45.11
209 45.11
211 45.11
212 45.11
213 45.11
214 45.11
215 45.11
216 45.11
217 45.11
218 45.11
219 45.11
220 45.11
221 45.11
222 45.11
224 45.11
225 45.11
228 45.11
229 45.11
232 45.11
233 45.11
234 45.11
235 45.11
236 45.11
237 45.11
238 45.11
241 45.11
245 45.11
246 45.08
248 45.08
249 45.08
250 45.08
251 45.08
252 45.08
253 45.08
257 45.08
258 45.08
259 45.08
263 45.08
264 45.08
265 45.08
266 45.08
267 45.08
268 45.08
269 45.08
270 45.08
271 45.08
272 45.08
273 45.08
274 45.08
276 45.08
277 45.08
279 45.08
280 45.08
281 45.08
282 45.08
284 45.08
287 45.08
288 45.08
290 45.08
291 45.08
292 45.08
293 45.08
295 45.06
296 45.06
297 45.06
299 45.06
300 45.05
301 45.05
308 45.05
309 45.05
310 45.05
313 45.05
314 45.05
315 45.05
316 45.05
317 45.05
319 45.05
321 45.05
322 45.05
325 45.05
326 45.05
327 45.05
328 45.05
329 45.05
330 45.05
331 45.05
332 45.05
333 45.05
334 45.05
335 45.05
338 45.05
339 45.05
341 45.05
342 45.05
343 45.05
347 45.05
351 45.04
353 45.04
354 45.04
356 45.02
359 45.02
362 45.01
363 45.01
366 45.01
369 45.01
370 45.01
371 45.01
372 45.01
376 45.01
377 45.01
383 45.01
386 45.01
388 45.01
389 45.01
390 45.01
391 45.01
392 45.01
393 45.01
394 45.01
397 45.01
398 45.01
399 45.01
400 45.01
401 45.01
402 45.01
403 45.01
404 45.01
405 45.01
406 45.01
407 45.01
408 45.01
409 45.01
411 45.00
412 45.00
413 45.00
414 45.00
415 45.00
418 45.00
420 45.00
422 45.00
424 45.00
425 45.00
426 45.00
427 45.00
430 45.00
431 45.00
433 45.00
434 45.00
437 44.97
439 44.97
442 44.96
443 44.96
445 44.96
446 44.96
448 44.96
450 44.96
452 44.96
453 44.96
454 44.96
455 44.96
456 44.96
457 44.96
459 44.96
460 44.96
462 44.96
463 44.96
464 44.96
467 44.96
470 44.96
471 44.96
472 44.96
474 44.96
475 44.96
476 44.96
477 44.96
478 44.96
481 44.96
482 44.96
485 44.96
487 44.96
489 44.96
490 44.96
491 44.96
495 44.96
496 44.96
497 44.96
498 44.96
499 44.96
504 44.96
505 44.96
512 44.96
513 44.96
515 44.94
518 44.94
519 44.94
521 44.94
527 44.94
528 44.94
529 44.94
531 44.94
532 44.92
536 44.92
537 44.92
547 44.92
549 44.92
551 44.92
553 44.92
557 44.92
558 44.92
560 44.92
562 44.92
563 44.92
570 44.92
571 44.92
573 44.92
574 44.92
576 44.92
579 44.92
580 44.92
583 44.92
590 44.92
593 44.92
599 44.92
600 44.92
