6 100.00
7 89.58
8 79.45
9 74.34
10 74.34
11 74.24
12 74.15
13 74.08
14 74.08
15 74.07
16 73.98
17 73.98
18 73.93
19 73.92
20 73.92
21 73.90
22 70.95
23 69.59
24 68.48
25 64.83
26 62.59
27 55.97
28 53.38
29 53.38
30 49.16
31 49.16
32 49.16
33 47.35
34 45.54
35 45.54
36 45.54
37 45.54
38 45.54
39 45.54
40 45.54
41 45.54
42 45.54
43 45.54
44 45.54
45 45.54
46 45.54
47 45.54
48 45.01
49 44.88
50 44.88
51 44.88
52 44.88
53 44.88
54 44.88
55 44.88
56 44.88
57 44.88
58 44.88
59 44.88
60 44.88
61 44.88
62 44.88
63 44.88
64 44.88
65 44.88
66 44.88
67 44.88
68 44.88
69 44.88
70 44.88
71 44.82
72 44.82
73 44.74
74 44.74
75 44.51
76 44.51
77 44.51
78 44.51
79 44.51
80 44.51
81 44.51
83 44.51
84 44.51
85 44.51
86 44.51
87 44.51
88 44.51
89 44.51
90 44.49
91 44.49
92 44.49
93 44.49
94 44.49
95 44.49
96 44.49
97 44.49
98 44.49
99 43.98
100 43.87
101 43.87
102 43.87
103 43.82
104 43.82
107 43.82
108 43.82
110 43.25
111 43.25
112 43.25
113 43.25
117 43.25
119 43.25
120 43.25
121 43.25
122 43.25
123 43.25
124 42.50
125 42.50
126 42.50
127 42.50
128 42.50
129 42.50
130 42.50
131 42.50
132 42.50
133 42.50
134 42.50
135 42.50
136 42.50
137 42.50
138 42.50
139 42.50
140 42.50
141 42.50
142 42.50
143 41.89
146 41.89
147 41.89
148 41.89
149 41.89
150 41.89
151 41.37
152 41.37
153 41.37
154 41.37
155 41.37
156 41.37
158 40.88
159 40.88
160 40.88
161 40.88
162 40.88
163 40.88
164 40.88
165 39.82
166 39.30
167 39.30
168 39.30
169 39.03
170 39.03
171 38.15
172 38.15
173 38.15
174 38.15
175 38.15
176 38.15
177 38.15
178 38.15
179 38.15
180 38.15
181 38.15
182 38.15
183 37.62
184 37.62
185 37.62
187 37.62
188 37.62
190 37.62
191 37.62
192 37.38
193 37.38
194 37.38
195 37.38
196 37.38
198 37.38
199 37.20
200 37.20
201 36.90
202 36.90
203 36.90
205 36.90
206 36.90
208 36.90
209 36.90
211 36.90
212 36.90
213 36.90
214 36.64
215 36.64
216 36.36
217 36.36
218 36.36
219 36.13
220 35.55
221 35.55
222 35.55
224 35.55
225 35.55
228 35.55
229 35.55
232 35.55
233 35.55
234 35.55
235 35.55
236 35.55
237 35.55
238 35.55
241 35.55
245 35.40
246 35.40
248 35.40
249 35.25
250 35.25
251 35.25
252 35.25
253 35.25
257 35.10
258 35.10
259 35.10
263 35.10
264 35.10
265 35.10
266 35.10
267 34.68
268 34.46
269 34.44
270 34.44
271 34.44
272 34.44
273 34.44
274 34.44
276 34.44
277 34.44
279 34.44
280 34.44
281 34.44
282 34.44
284 34.44
287 34.44
288 34.39
290 34.39
291 34.39
292 34.39
293 34.39
295 34.39
296 34.39
297 33.63
299 33.63
300 33.63
301 33.63
308 33.45
309 33.45
310 33.45
313 32.79
314 32.79
315 32.79
316 32.68
317 32.68
319 32.11
321 32.02
322 32.02
325 32.02
326 32.02
327 32.02
328 32.02
329 32.02
330 32.02
331 32.02
332 32.02
333 32.02
334 32.02
335 32.02
338 32.02
339 32.02
341 32.02
342 32.02
343 32.02
347 32.02
351 32.02
353 31.89
354 31.39
356 31.39
359 31.39
362 31.39
363 30.83
366 30.83
369 30.83
370 30.83
371 30.83
372 30.83
376 30.82
377 30.82
383 30.58
386 30.58
388 30.39
389 30.39
390 30.39
391 30.20
392 30.20
393 30.20
394 30.20
397 30.20
398 30.20
399 30.19
400 30.17
401 29.81
402 29.81
403 29.81
404 29.81
405 29.81
406 29.81
407 29.81
408 29.81
409 29.81
411 29.81
412 28.93
413 28.93
414 28.93
415 28.93
418 28.93
420 28.91
422 28.91
424 28.91
425 28.89
426 28.89
427 28.89
430 28.89
431 28.89
433 28.89
434 28.89
437 28.89
439 28.89
442 28.89
443 28.89
445 28.89
446 28.89
448 28.87
450 28.87
452 28.87
453 28.87
454 28.87
455 28.87
456 28.87
457 28.87
459 28.87
460 28.87
462 28.87
463 28.68
464 28.51
467 28.51
470 28.51
471 28.50
472 28.50
474 28.50
475 28.50
476 28.50
477 28.32
478 28.32
481 28.32
482 28.32
485 28.32
487 28.32
489 28.32
490 28.32
491 28.09
495 28.09
496 28.09
497 28.09
498 28.09
499 28.09
504 28.09
505 28.00
512 28.00
513 28.00
515 28.00
518 28.00
519 28.00
521 28.00
527 28.00
528 27.91
529 27.91
531 27.91
532 27.91
536 27.62
537 27.52
547 27.52
549 27.52
551 27.41
553 27.41
557 27.41
558 27.19
560 27.19
562 27.19
563 27.19
570 27.19
571 27.08
573 27.08
574 27.08
576 27.08
579 27.08
580 27.08
583 27.08
590 27.08
593 27.08
599 27.08
600 27.08
