3 100.00
4 72.98
5 72.97
6 71.16
7 69.29
8 67.44
9 61.93
10 58.78
11 58.77
12 58.77
13 54.64
14 52.44
15 52.44
16 52.30
17 52.30
18 52.23
19 52.19
20 52.18
21 52.07
22 52.07
23 52.06
24 51.95
25 51.93
26 51.93
27 51.83
28 51.78
29 51.71
30 51.69
31 51.65
32 51.61
33 51.55
34 51.48
35 51.48
36 51.40
37 51.30
38 51.27
39 51.19
40 51.11
41 51.07
42 51.01
43 50.97
44 50.95
45 50.86
46 50.79
47 50.75
48 50.67
49 50.63
50 50.63
51 50.59
52 50.39
53 50.39
54 50.37
55 50.30
56 50.26
57 50.12
58 50.12
59 50.07
60 50.03
61 49.98
62 49.95
63 49.89
64 49.86
65 49.80
66 49.77
67 49.64
68 49.62
69 49.58
70 49.58
71 49.53
72 49.42
73 49.31
74 49.31
75 49.26
76 49.23
77 49.17
78 49.14
79 49.11
80 49.11
81 49.03
82 49.03
83 48.97
84 48.97
85 48.97
86 48.88
87 48.88
88 48.86
89 48.81
90 48.74
91 48.68
92 48.68
93 48.68
94 48.64
95 48.64
96 48.62
97 48.57
98 48.57
99 48.57
100 48.57
101 48.49
102 48.44
103 48.41
104 48.41
105 48.41
106 48.41
107 48.37
108 48.37
109 48.37
110 48.27
111 48.27
112 48.27
113 48.27
114 48.27
115 48.27
116 48.27
117 48.27
118 48.27
122 48.27
123 48.27
124 48.27
125 48.27
126 48.27
127 48.24
128 48.24
129 48.24
130 48.24
131 48.24
132 48.24
133 48.24
134 48.24
135 48.24
136 48.24
137 48.24
138 48.24
139 48.24
140 48.24
141 48.24
143 48.24
144 48.24
145 48.24
146 48.24
147 48.24
148 48.24
149 48.21
150 48.21
151 48.21
152 48.21
153 48.21
154 48.21
155 48.21
156 48.21
157 48.21
158 48.21
159 48.21
160 48.21
161 48.21
162 48.21
163 48.21
164 48.21
165 48.21
167 48.21
168 48.21
170 48.21
171 48.21
172 48.21
173 48.21
174 48.18
175 48.18
176 48.18
177 48.18
178 48.18
179 48.18
180 48.18
181 48.18
182 48.18
183 48.18
185 48.18
187 48.18
188 48.18
189 48.18
190 48.18
192 48.18
193 48.18
194 48.18
195 48.18
196 48.18
197 48.18
198 48.18
199 48.18
200 48.08
201 48.08
202 48.07
203 48.07
204 48.07
205 48.07
206 48.07
207 48.07
208 48.05
209 48.05
210 48.05
211 48.05
212 48.05
213 48.05
214 48.05
215 48.03
216 48.03
217 48.03
218 48.03
219 48.03
220 47.94
222 47.93
223 47.93
224 47.93
225 47.93
226 47.93
227 47.93
228 47.91
229 47.91
231 47.91
232 47.91
233 47.91
234 47.91
235 47.91
236 47.91
237 47.89
238 47.89
239 47.89
240 47.89
242 47.89
243 47.87
244 47.87
246 47.87
247 47.87
250 47.87
251 47.87
252 47.87
253 47.82
254 47.82
255 47.80
256 47.80
257 47.80
259 47.80
260 47.80
261 47.80
262 47.80
264 47.80
266 47.80
268 47.80
269 47.80
271 47.80
272 47.80
274 47.80
275 47.80
276 47.80
277 47.80
278 47.80
279 47.80
280 47.80
281 47.80
282 47.80
284 47.80
285 47.80
287 47.75
288 47.75
289 47.75
290 47.75
291 47.75
292 47.75
295 47.75
296 47.75
297 47.75
298 47.75
299 47.75
300 47.75
301 47.75
303 47.75
304 47.75
305 47.75
308 47.75
309 47.75
310 47.75
311 47.75
312 47.75
313 47.75
314 47.75
315 47.75
316 47.75
319 47.75
320 47.75
321 47.75
322 47.71
323 47.71
325 47.71
326 47.71
327 47.71
328 47.71
329 47.71
331 47.71
332 47.71
334 47.71
336 47.71
337 47.71
339 47.71
341 47.71
342 47.71
344 47.71
347 47.71
349 47.71
350 47.71
353 47.71
354 47.71
355 47.71
358 47.71
359 47.71
361 47.71
362 47.71
363 47.71
364 47.71
365 47.71
366 47.71
367 47.67
368 47.67
369 47.67
371 47.67
372 47.67
374 47.67
376 47.67
377 47.67
379 47.67
381 47.67
382 47.67
383 47.67
384 47.67
385 47.67
387 47.67
388 47.67
389 47.67
390 47.67
391 47.67
393 47.67
394 47.67
395 47.67
397 47.67
398 47.67
399 47.67
401 47.65
402 47.65
404 47.65
407 47.65
408 47.65
409 47.65
410 47.65
415 47.65
416 47.65
420 47.65
421 47.65
422 47.65
424 47.65
426 47.65
430 47.65
431 47.65
432 47.65
433 47.65
434 47.65
436 47.65
437 47.65
439 47.65
440 47.65
441 47.65
442 47.65
444 47.62
446 47.62
447 47.62
448 47.62
450 47.62
454 47.62
456 47.62
458 47.62
460 47.62
461 47.62
469 47.62
470 47.62
472 47.62
476 47.62
477 47.62
478 47.62
480 47.62
481 47.62
482 47.62
483 47.62
484 47.62
485 47.60
487 47.60
488 47.60
489 47.60
492 47.60
497 47.60
499 47.60
500 47.60
502 47.60
503 47.60
504 47.60
505 47.60
507 47.60
514 47.60
516 47.60
517 47.60
520 47.60
524 47.60
526 47.60
529 47.60
536 47.57
537 47.57
542 47.57
548 47.57
549 47.57
556 47.57
557 47.57
559 47.57
561 47.57
