0.420 100.0000 100.0000 100.0000 100.0000 100.0000 100.0000 100.0000 100.0000 100.0000 100.0000 100.0000 100.0000 100.0000 100.0000 100.0000 100.0000 100.0000 100.0000 100.0000 100.0000 100.0000 23.5900 100.0000 100.0000 100.0000 100.0000 100.0000 100.0000 17.6100 100.0000 100.0000 100.0000 23.5900
0.450 100.0000 100.0000 100.0000 100.0000 100.0000 100.0000 100.0000 100.0000 100.0000 100.0000 100.0000 100.0000 100.0000 100.0000 100.0000 100.0000 100.0000 100.0000 100.0000 100.0000 100.0000 23.5900 100.0000 100.0000 100.0000 100.0000 100.0000 100.0000 17.6100 100.0000 100.0000 100.0000 23.5900
0.460 100.0000 100.0000 100.0000 100.0000 100.0000 100.0000 100.0000 100.0000 100.0000 100.0000 100.0000 100.0000 100.0000 100.0000 100.0000 100.0000 100.0000 100.0000 100.0000 100.0000 100.0000 21.9700 100.0000 100.0000 100.0000 100.0000 100.0000 100.0000 17.6100 100.0000 100.0000 100.0000 21.9700
0.470 100.0000 100.0000 100.0000 100.0000 100.0000 100.0000 100.0000 100.0000 100.0000 100.0000 100.0000 100.0000 100.0000 100.0000 100.0000 100.0000 20.9800 100.0000 100.0000 100.0000 100.0000 21.9700 100.0000 100.0000 100.0000 100.0000 100.0000 100.0000 17.6100 100.0000 100.0000 100.0000 21.9700
0.500 100.0000 100.0000 100.0000 100.0000 100.0000 100.0000 100.0000 100.0000 100.0000 100.0000 100.0000 100.0000 100.0000 100.0000 100.0000 100.0000 20.9800 100.0000 100.0000 100.0000 100.0000 21.9700 100.0000 100.0000 100.0000 100.0000 100.0000 100.0000 17.6100 100.0000 100.0000 52.9400 21.9700
0.520 100.0000 100.0000 100.0000 100.0000 100.0000 100.0000 100.0000 100.0000 100.0000 100.0000 39.3400 100.0000 100.0000 100.0000 100.0000 100.0000 20.9800 100.0000 100.0000 100.0000 100.0000 21.9700 100.0000 100.0000 100.0000 100.0000 100.0000 100.0000 17.6100 26.8200 52.9400 52.9400 21.9700
0.540 100.0000 100.0000 100.0000 100.0000 100.0000 100.0000 100.0000 100.0000 100.0000 100.0000 39.3400 100.0000 100.0000 100.0000 100.0000 100.0000 20.9800 100.0000 100.0000 100.0000 100.0000 21.3800 100.0000 100.0000 100.0000 100.0000 100.0000 100.0000 17.6100 26.8200 52.9400 52.9400 21.3800
0.560 100.0000 100.0000 100.0000 100.0000 100.0000 5.5500 100.0000 100.0000 100.0000 100.0000 39.3400 100.0000 100.0000 100.0000 100.0000 100.0000 20.9800 100.0000 100.0000 100.0000 100.0000 21.3800 100.0000 100.0000 100.0000 100.0000 100.0000 100.0000 17.6100 26.8200 52.9400 52.9400 21.3800
0.570 100.0000 100.0000 100.0000 100.0000 100.0000 5.5500 100.0000 8.9200 100.0000 100.0000 39.3400 100.0000 100.0000 100.0000 100.0000 100.0000 20.9800 100.0000 100.0000 100.0000 100.0000 21.3800 100.0000 100.0000 100.0000 100.0000 100.0000 100.0000 17.6100 26.8200 52.9400 52.9400 21.3800
0.580 6.3900 100.0000 100.0000 100.0000 100.0000 5.5500 100.0000 8.9200 100.0000 100.0000 39.3400 100.0000 100.0000 100.0000 100.0000 22.3600 20.9800 100.0000 100.0000 100.0000 100.0000 21.3800 100.0000 100.0000 100.0000 100.0000 100.0000 100.0000 17.6100 26.8200 52.9400 52.9400 21.3800
0.590 6.3900 100.0000 100.0000 100.0000 100.0000 5.5500 100.0000 8.9200 100.0000 6.7300 39.3400 100.0000 100.0000 100.0000 100.0000 22.3600 20.9800 100.0000 100.0000 100.0000 100.0000 21.3800 100.0000 100.0000 100.0000 100.0000 100.0000 100.0000 17.6100 26.8200 52.9400 52.9400 21.3800
0.600 6.3900 100.0000 100.0000 100.0000 100.0000 5.5500 100.0000 8.9200 100.0000 6.7300 39.3400 100.0000 100.0000 100.0000 100.0000 22.3600 20.9800 100.0000 100.0000 100.0000 100.0000 21.3800 100.0000 100.0000 100.0000 100.0000 100.0000 100.0000 17.6100 26.8200 52.9400 52.9400 21.3800
0.610 6.3900 100.0000 100.0000 100.0000 100.0000 5.5500 100.0000 8.9200 100.0000 6.7300 39.3400 34.3700 100.0000 100.0000 100.0000 22.3600 20.9800 100.0000 100.0000 100.0000 100.0000 21.3800 100.0000 100.0000 100.0000 100.0000 100.0000 100.0000 17.6100 26.2400 52.9400 52.9400 21.3800
0.620 6.3900 100.0000 100.0000 100.0000 100.0000 5.5500 100.0000 8.9200 100.0000 6.7300 39.3400 34.3700 100.0000 100.0000 100.0000 22.3600 20.9800 100.0000 100.0000 100.0000 100.0000 21.3800 100.0000 100.0000 19.6400 100.0000 100.0000 100.0000 17.6100 26.2400 52.9400 52.9400 21.3800
0.630 6.3900 100.0000 3.9200 6.7700 100.0000 5.5500 100.0000 8.9200 100.0000 6.7300 39.3400 34.3700 100.0000 100.0000 100.0000 22.3600 20.9800 100.0000 100.0000 100.0000 100.0000 21.3800 100.0000 29.6400 19.6400 100.0000 100.0000 100.0000 17.6100 26.2400 52.9400 52.9400 21.3800
0.640 6.3900 100.0000 3.9200 6.7700 100.0000 5.5500 3.5700 8.9200 3.6300 6.7300 39.3400 34.3700 100.0000 100.0000 100.0000 22.3600 20.9800 100.0000 100.0000 100.0000 100.0000 21.3800 100.0000 29.6400 19.6400 100.0000 100.0000 100.0000 17.6100 26.2400 52.9400 52.9400 21.3800
0.650 6.3900 100.0000 3.9200 6.7700 100.0000 5.5500 3.5700 8.9200 3.6300 6.7300 39.3400 34.3700 100.0000 100.0000 100.0000 22.3600 20.9800 100.0000 100.0000 100.0000 100.0000 21.3800 32.4200 29.6400 19.6400 100.0000 100.0000 100.0000 17.6100 26.2400 52.9400 52.9400 21.3800
0.660 6.3900 100.0000 3.9200 6.7700 100.0000 5.5500 3.5700 8.9200 3.6300 6.7300 39.3400 34.3700 100.0000 100.0000 100.0000 22.3600 20.9800 100.0000 100.0000 100.0000 100.0000 20.2800 32.4200 29.6400 19.6400 100.0000 100.0000 100.0000 17.6100 26.2400 52.9400 52.9400 20.2800
0.670 6.3900 100.0000 3.9200 6.7700 8.6200 5.5500 3.5700 8.9200 3.6300 6.7300 39.3400 34.3700 100.0000 100.0000 100.0000 22.3600 20.9800 100.0000 100.0000 100.0000 100.0000 20.2800 32.4200 29.6400 19.6400 100.0000 100.0000 100.0000 17.6100 26.2400 52.9400 52.9400 20.2800
0.680 6.3900 6.1700 3.9200 6.7700 8.6200 5.5500 3.5700 8.9200 3.6300 6.7300 39.3400 34.3700 100.0000 100.0000 100.0000 22.3600 20.9800 100.0000 100.0000 100.0000 100.0000 20.2800 32.4200 29.6400 19.6400 100.0000 100.0000 100.0000 17.6100 26.2400 52.9400 52.9400 20.2800
0.690 6.3900 6.1700 3.9200 6.7700 8.6200 5.5500 3.5700 8.9200 3.6300 6.7300 36.7100 34.3700 100.0000 35.1100 100.0000 22.3600 20.9800 100.0000 100.0000 100.0000 100.0000 20.2800 32.4200 29.6400 19.6400 100.0000 100.0000 100.0000 17.6100 26.2400 52.9400 52.9400 20.2800
0.800 6.3900 6.1700 3.9200 6.7700 8.6200 5.5500 3.5700 8.9200 3.6300 6.7300 36.7100 34.3700 16.7300 35.1100 100.0000 20.5500 20.0700 19.8300 34.9600 7.2000 12.0200 20.2800 30.6300 27.6000 19.6400 28.6300 37.5300 20.2200 17.5200 26.1800 52.9400 52.9400 20.2800
0.810 5.8000 6.1700 3.9200 6.7700 8.6200 5.5500 3.5700 8.9200 3.6300 6.7300 36.7100 34.3700 16.7300 35.1100 100.0000 19.7500 20.0700 19.8300 34.9600 7.2000 12.0200 20.2800 30.6300 27.6000 19.6400 28.6300 37.5300 20.2200 17.5200 26.1800 52.9400 52.9400 20.2800
0.820 5.8000 6.1700 3.9200 6.7700 8.6200 5.5500 3.5700 8.9200 3.6300 6.7300 36.7100 34.3700 16.7300 35.1100 100.0000 19.7500 20.0700 19.8300 34.9600 7.2000 12.0200 19.5500 30.6300 27.6000 19.6400 28.6300 37.5300 20.2200 17.5200 26.1800 52.9400 52.9400 20.2800
0.830 5.8000 6.1700 3.9200 6.7700 8.3300 5.5500 3.5700 8.9200 3.6300 6.7300 36.7100 34.3700 16.7300 35.1100 100.0000 19.7500 20.0700 19.8300 34.9600 7.2000 12.0200 19.5500 30.6300 27.6000 19.6400 28.6300 37.5300 20.2200 17.5200 26.1800 52.9400 52.9400 19.5500
0.840 5.8000 6.1700 3.9200 6.7700 8.3300 5.5500 3.5700 8.9200 3.6300 6.7300 36.7100 34.3700 16.7300 35.1100 100.0000 19.7500 20.0700 19.8300 34.9600 7.2000 12.0200 19.5500 30.6300 27.6000 19.6400 28.6300 37.5300 20.2200 17.5200 26.1800 52.9400 52.9400 19.5500
0.850 5.8000 6.1700 3.9200 6.7700 8.3300 5.5500 3.5700 8.9200 3.6300 6.7300 36.7100 34.3700 16.7300 35.1100 100.0000 19.7500 20.0700 19.8300 34.9600 7.2000 12.0200 19.5500 30.6300 27.6000 19.6400 28.6300 37.5300 20.2200 17.5200 26.1800 52.9400 52.9400 19.5500
0.860 5.8000 6.1700 3.9200 6.7700 8.3300 5.5500 3.5700 8.9200 3.6300 6.7300 36.7100 34.3700 16.7300 34.7600 12.5900 19.7500 20.0700 19.8300 34.9600 7.2000 12.0200 19.5500 30.6300 27.6000 19.6400 28.6300 37.5300 20.2200 17.5200 26.1800 52.9400 52.9400 19.5500
0.870 5.8000 6.1700 3.9200 6.7700 8.3300 5.5500 3.5700 8.9200 3.6300 6.7300 36.7100 34.3700 16.7300 34.7600 12.5900 19.7500 20.0700 19.8300 34.9600 7.2000 12.0200 19.5500 30.6300 27.6000 19.6400 28.6300 37.5300 20.2200 17.5200 26.1800 52.9400 52.9400 19.5500
0.880 5.8000 6.1700 3.9200 6.7700 8.3300 5.5500 3.5700 8.9200 3.6300 6.7300 36.7100 34.3700 16.7300 34.7600 12.5900 19.7500 20.0700 19.8300 34.9600 7.2000 12.0200 19.5500 30.6300 27.6000 19.6400 28.6300 37.5300 20.2200 17.5200 26.1800 52.9400 52.9400 19.5500
0.900 5.8000 6.1700 3.9200 6.7700 8.3300 5.5500 3.5700 8.9200 3.6300 6.7300 36.7100 34.3700 16.7300 34.7600 12.5900 19.7500 20.0700 19.8300 34.9600 7.2000 12.0200 19.5500 30.6300 27.6000 19.6400 28.6300 37.5300 20.2200 17.2700 26.1800 52.9400 52.9400 19.5500
0.910 5.8000 5.6000 3.9200 6.7700 8.3300 5.5500 3.5700 8.9200 3.6300 6.7300 36.7100 34.3700 16.7300 34.7600 12.5900 19.7500 20.0700 19.8300 34.9600 6.7500 12.0200 19.5500 30.6300 27.6000 19.6400 28.6300 37.5300 20.2200 17.2700 26.1800 52.9400 52.9400 19.5500
0.920 5.8000 5.6000 3.9200 6.7700 8.3300 5.5500 3.5700 8.9200 3.6300 6.7300 36.7100 34.3700 16.7300 34.7600 12.5900 19.7500 20.0700 19.8300 34.9600 6.7500 12.0200 19.5500 30.6300 27.6000 19.6400 28.6300 37.5300 20.2200 17.2700 26.1800 52.9400 52.9400 19.5500
0.930 5.8000 5.6000 3.9200 6.7700 8.3300 5.5500 3.5700 8.9200 3.6300 6.7300 36.7100 34.3700 16.7300 34.7600 12.5900 19.7500 18.4900 19.2300 34.9600 6.7500 12.0200 19.5500 30.6300 27.6000 19.6400 28.6300 36.2000 20.2200 17.2700 26.1800 52.9400 52.9400 19.5500
0.940 5.8000 5.6000 3.9200 6.7700 8.3300 5.5500 3.5700 8.9200 3.6300 6.7300 36.7100 34.3700 16.7300 34.7600 12.5900 19.7500 18.4900 19.2300 34.9600 6.7500 12.0200 19.5500 30.6300 26.4800 19.6400 26.7100 36.2000 20.2200 17.2700 26.1800 52.9400 52.9400 19.5500
0.950 5.8000 5.6000 3.9200 6.7700 8.3300 5.5500 3.5700 8.9200 3.6300 6.7300 36.7100 34.3700 16.7300 34.7600 12.5900 19.7500 18.4900 19.2300 34.2700 6.7500 12.0200 19.5500 30.1600 26.4800 19.6400 26.7100 36.2000 20.2200 17.2700 26.1800 52.9400 52.9400 19.5500
0.960 5.8000 5.6000 3.9200 6.7700 8.3300 5.5500 3.5700 8.9200 3.6300 6.7300 35.2800 34.3700 16.7300 34.7600 12.5900 18.6700 18.4900 19.2300 34.2700 6.7500 12.0200 19.5500 30.1600 26.4800 19.6400 26.7100 36.2000 20.2200 17.2700 26.1800 52.9400 52.9400 19.5500
0.970 5.8000 5.6000 3.9200 6.7700 8.3300 5.5500 3.5700 8.9200 3.6300 6.7300 35.2800 34.3700 16.7300 34.7600 12.5900 18.6700 18.4900 19.2300 34.2700 6.7500 12.0200 19.5500 30.1600 26.4800 19.6400 26.7100 36.2000 20.2200 17.2700 25.4500 52.9400 52.9400 19.5500
0.980 5.8000 5.6000 3.9200 6.7700 8.3300 5.5500 3.5700 8.9200 3.6300 6.2100 35.2800 34.3700 16.7300 34.7600 12.5900 18.6700 18.4900 19.2300 34.2700 6.7500 12.0200 18.5200 30.1600 26.4800 17.8500 26.7100 36.2000 20.2200 17.2700 25.4500 52.9400 52.9400 19.5500
0.990 5.8000 5.6000 3.9200 6.7700 8.3300 5.5500 3.5700 8.9200 3.6300 6.2100 35.2800 34.3700 16.7300 34.7600 12.5900 18.6700 18.4900 19.2300 34.2700 6.7500 12.0200 18.5200 30.1600 26.4800 17.8500 26.7100 36.2000 20.2200 17.2700 25.4500 52.9400 52.9400 18.5200
1.000 5.8000 5.6000 3.9200 6.7700 8.3300 5.5500 3.5700 8.9200 3.6300 6.2100 35.2800 34.3700 16.7300 34.6900 12.5900 18.6700 18.4900 19.2300 34.2700 6.7500 12.0200 18.5200 30.1600 26.4800 17.8500 26.7100 36.2000 20.2200 17.2700 25.4500 52.9400 52.9400 18.5200
1.010 5.8000 5.6000 3.9200 6.7700 8.3300 5.2400 3.5700 8.9200 3.6300 6.2100 35.2800 34.3700 15.5500 34.6900 12.5900 18.6700 18.4900 19.2300 34.2700 6.7500 12.0200 18.5200 30.1600 26.4800 17.8500 26.7100 36.2000 20.2200 17.2700 25.4500 52.9400 52.9400 18.5200
1.020 5.8000 5.6000 3.9200 6.7700 8.3300 5.2400 3.5700 8.9200 3.6300 6.2100 35.2800 34.3700 15.5500 34.6900 12.5900 18.6700 18.4900 19.2300 34.2700 6.7500 12.0200 18.5200 30.1600 26.4800 17.8500 26.7100 36.2000 20.2200 17.2700 25.4500 52.9400 52.9400 18.5200
1.030 5.8000 5.6000 3.9200 6.7700 8.3300 5.2400 3.5700 8.9200 3.6300 6.2100 35.2800 34.3700 15.5500 34.6900 12.5900 18.6700 18.4900 19.2300 34.2700 6.7500 12.0200 18.5200 30.1600 26.4800 17.8500 26.7100 36.2000 20.2200 17.2700 25.4500 52.9400 52.9400 18.5200
1.040 5.8000 5.6000 3.9200 6.7700 8.3300 5.2400 3.5700 8.9200 3.6300 6.2100 35.2800 34.3700 15.5500 34.6900 12.5900 18.6700 18.4900 19.2300 34.2700 6.7500 12.0200 18.5200 30.1600 26.4800 17.8500 26.7100 36.2000 20.2200 17.2700 25.4500 52.9400 52.9400 18.5200
1.050 5.8000 5.6000 3.9200 6.7700 8.3300 5.2400 3.5700 8.9200 3.5200 6.2100 35.2800 34.3700 15.5500 34.6900 12.5900 18.6700 18.4900 19.2300 34.2700 6.7500 11.7200 18.5200 30.1600 26.4800 17.8500 26.7100 36.2000 20.2200 17.2700 25.4500 52.9400 52.9400 18.5200
1.060 5.8000 5.6000 3.9200 6.7700 8.3300 5.2400 3.5700 8.9200 3.5200 6.2100 35.2800 34.3700 15.5500 34.6900 12.5900 18.6700 18.4900 19.2300 34.2700 6.7500 11.7200 18.5200 30.1600 26.4800 17.8500 26.7100 36.2000 20.2200 17.2700 25.4500 52.9400 52.9400 18.5200
1.070 5.8000 5.6000 3.9200 6.7700 8.3300 5.2400 3.5700 8.9200 3.5200 6.2100 35.2800 32.6400 15.5500 34.6900 12.5900 18.6700 18.4900 19.2300 34.2700 6.4300 11.7200 18.5200 30.1600 26.4800 17.8500 26.7100 36.2000 20.2200 17.2700 25.4500 52.9400 52.9400 18.5200
1.080 5.8000 5.6000 3.9200 6.7700 8.3300 5.2400 3.5700 8.9200 3.5200 6.2100 35.2800 32.6400 15.5500 34.6900 12.5900 18.6700 18.4900 19.2300 34.2700 6.4300 11.7200 18.5200 30.1600 26.4800 17.8500 26.7100 36.2000 20.2200 17.2700 25.4500 52.9400 52.9400 18.5200
1.090 5.8000 5.6000 3.7900 6.7700 8.3300 5.2400 3.5700 8.9200 3.5200 6.2100 35.2800 32.6400 15.5500 34.6900 12.5900 18.6700 18.4900 19.2300 34.2700 6.4300 11.7200 18.5200 30.1600 26.4800 17.8500 26.1900 36.2000 20.2200 17.2700 25.4500 52.9400 52.9400 18.5200
1.100 5.8000 5.6000 3.7900 6.7700 8.3300 5.2400 3.5700 8.9200 3.5200 6.2100 35.2800 32.6400 15.5500 34.6900 12.5900 18.6700 18.4900 19.2300 34.2700 6.4300 11.7200 18.5200 30.1600 26.4800 17.8500 26.1900 36.2000 19.7200 17.2700 25.4500 52.9400 52.9400 18.5200
1.110 5.8000 5.6000 3.7900 6.7700 8.3300 5.2400 3.5700 8.6300 3.5200 6.2100 35.2800 32.6400 15.5500 34.6900 11.1900 18.6700 18.4900 19.2300 34.2700 6.4300 11.7200 18.5200 30.1600 26.4800 17.8500 26.1900 36.2000 19.7200 17.2700 25.4500 52.9400 52.9400 18.5200
1.120 5.8000 5.6000 3.7900 6.7700 8.3300 5.2400 3.5700 8.6300 3.5200 6.2100 35.2800 32.6400 15.5500 34.6900 11.1900 18.6700 18.4900 18.4500 34.2700 6.4300 11.7200 18.5200 30.1600 25.5100 17.8500 26.1900 36.2000 19.7200 17.2700 25.4500 52.9400 52.9400 18.5200
1.130 5.8000 5.6000 3.7900 6.4900 8.3300 5.2400 3.5700 8.6300 3.5200 6.2100 35.2800 32.6400 15.5500 34.6900 11.1900 18.6700 18.4900 18.4500 34.2700 6.4300 11.7200 18.5200 30.1600 25.5100 17.8500 26.1900 36.2000 19.7200 17.2700 25.4500 52.9400 52.9400 18.5200
1.140 5.8000 5.6000 3.7900 6.4900 8.3300 5.2400 3.5700 8.6300 3.5200 6.2100 35.2800 32.6400 15.5500 34.6900 11.1900 18.6700 18.4900 18.4500 34.2700 6.4300 11.7200 18.5200 30.1600 25.5100 17.8500 26.1900 36.2000 19.7200 17.2700 25.4500 52.9400 52.9400 18.5200
1.150 5.8000 5.6000 3.7900 6.4900 8.3300 5.2400 3.5700 8.6300 3.5200 6.2100 35.2800 32.6400 15.5500 34.6900 11.1900 18.6700 18.4900 18.4500 34.2700 6.4300 11.7200 18.5200 30.1600 25.5100 17.8500 26.1900 36.2000 19.7200 17.2700 25.4500 52.9400 52.9400 18.5200
1.160 5.8000 5.6000 3.7900 6.4900 8.3300 5.2400 3.5700 8.6300 3.5200 6.2100 35.2800 32.6400 15.5500 34.6900 11.1900 17.9700 18.4900 18.4500 34.2700 6.4300 11.7200 18.5200 30.1600 25.5100 17.8500 26.1900 35.8100 19.7200 17.2700 25.4500 52.9400 52.9400 18.5200
1.170 5.8000 5.6000 3.7900 6.4900 8.3300 5.2400 3.5700 8.6300 3.5200 6.2100 33.9500 32.6400 15.5500 34.6900 11.1900 17.9700 18.4900 18.4500 34.2700 6.4300 11.7200 17.7600 30.1600 25.5100 17.8500 26.1900 35.8100 19.7200 17.2700 25.4500 52.9400 52.9400