0 100.0000 100.0000 100.0000 100.0000 100.0000 100.0000 100.0000 100.0000 100.0000 100.0000 100.0000 100.0000 100.0000 100.0000 100.0000 100.0000 100.0000 100.0000 100.0000 100.0000 100.0000 100.0000 100.0000 100.0000 100.0000 100.0000 100.0000 100.0000 100.0000 100.0000 100.0000 100.0000 100.0000
1 5.8000 5.6000 3.9200 6.7700 8.3300 5.5500 3.5700 8.9200 3.6300 6.2100 35.2800 34.3700 16.7300 34.6900 12.5900 18.6700 18.4900 19.2300 34.2700 6.7500 12.0200 18.5200 30.1600 26.4800 17.8500 26.7100 36.2000 20.2200 17.2700 25.4500 52.9400 52.9400 18.5200
2 5.6100 5.4300 3.5900 5.9300 7.9000 4.6200 3.1200 7.8100 3.4300 5.7600 30.3500 25.8500 12.7800 32.5300 8.4900 15.6400 13.3300 16.9200 32.6900 5.0900 11.3600 15.8000 27.2200 23.2800 17.6000 23.5900 35.0400 19.4100 15.6500 22.6400 52.9400 52.9400 15.8000
3 5.5000 5.1400 3.5900 5.7800 7.7500 4.6200 3.1200 7.7300 3.3100 5.0700 28.8200 22.1900 11.4500 31.2300 7.5300 12.7100 12.6300 15.2800 30.5200 4.3200 10.5700 14.1100 26.0400 21.3100 15.9400 20.9600 33.1900 17.8500 14.2800 19.6200 52.9400 52.9400 14.1100
4 5.2800 5.1400 3.4300 5.3600 7.4400 4.5900 2.6700 7.7300 3.1100 4.8000 27.1000 19.9600 10.5900 29.8000 6.3300 11.4400 11.1000 14.0000 28.4300 3.8200 9.7200 12.3600 24.4700 19.8700 14.5100 20.2800 32.6100 16.2600 12.2600 17.9100 52.9400 52.9400 12.3600
5 5.2600 5.1200 3.3600 5.3600 7.4300 4.4700 2.6400 7.4100 3.0800 4.8000 26.2000 19.2800 9.9800 28.8400 5.8300 10.4900 10.4900 12.5800 27.5100 3.5300 8.7400 11.8100 23.4100 18.7000 13.8300 19.6100 31.5900 15.6800 11.6700 15.5000 52.9400 52.9400 11.8100
6 5.2300 5.0700 3.1700 5.2100 7.3900 4.3700 2.6400 7.4000 2.9300 4.6400 25.9000 18.4700 9.2300 28.3200 5.5700 9.5800 10.0000 11.2800 25.8200 3.3100 8.2400 11.4800 22.9400 17.9100 13.0600 18.4800 30.8400 13.8400 10.1700 14.3200 52.9400 52.9400 11.4800
7 5.2200 5.0400 3.1500 5.1000 7.3500 4.2100 2.6000 7.3500 2.9200 4.4700 24.8100 18.4700 8.9300 27.8100 5.0600 8.7100 8.3900 10.6400 25.2400 3.0000 7.5500 11.1400 21.9300 17.4100 12.7500 17.8600 29.8600 13.3800 9.7800 13.3300 52.9400 52.9400 11.1400
8 5.1600 5.0100 3.1300 4.8900 7.3000 4.1800 2.6000 7.2700 2.8900 4.4000 24.5400 17.3200 8.5500 27.8100 4.7600 7.8600 7.9700 10.1600 24.3400 3.0000 7.2100 10.2200 21.3200 16.4800 12.2700 17.2500 29.1700 12.7200 9.5000 12.0900 52.9400 52.9400 10.2200
9 5.0900 5.0000 3.0600 4.7000 7.2700 4.1700 2.5600 7.2400 2.8500 4.3500 23.8500 16.7900 7.9600 27.3800 4.2800 7.8600 7.9700 9.7100 23.7100 3.0000 6.7400 10.2200 21.3200 16.0100 11.6900 17.2500 28.6700 12.3300 9.0300 11.3200 52.9400 52.9400 10.2200
10 4.9600 4.9400 3.0300 4.5800 7.2500 4.1700 2.5600 6.8700 2.8500 4.3200 23.5400 16.7900 7.9600 26.9500 4.0900 7.8600 7.5700 9.3700 22.8100 3.0000 6.4900 10.2200 20.7800 15.6400 11.4900 16.7800 28.3400 11.7900 8.7500 10.7400 52.9400 52.9400 10.2200
11 4.9600 4.9200 2.9900 4.5800 7.2400 4.1600 2.5500 6.6900 2.8300 4.2800 23.5400 16.1200 7.6900 26.5600 3.8800 7.8600 7.2400 9.1000 22.2600 3.0000 6.1400 10.2200 20.3600 15.2400 11.2700 16.3400 27.8200 11.4300 8.5400 10.7400 52.9400 52.9400 10.2200
12 4.9500 4.8700 2.9400 4.5600 7.2100 4.1600 2.5500 6.6900 2.7600 4.2800 23.5400 15.7200 7.4000 26.2200 3.8800 7.8600 6.9000 8.7700 22.2600 3.0000 6.1400 10.2200 20.0200 15.2400 11.2700 16.0600 27.4100 11.2100 8.2700 10.7400 52.9400 52.9400 10.2200
13 4.9400 4.8700 2.9400 4.4300 7.2000 4.1600 2.5500 6.6900 2.7200 4.2600 23.5400 15.7200 7.2200 26.2200 3.8800 7.8600 6.5600 8.7700 21.6000 3.0000 5.8300 10.2200 20.0200 14.7100 11.2700 16.0600 27.1000 11.2100 7.9000 10.7400 52.9400 52.9400 10.2200
14 4.9300 4.8100 2.9300 4.4300 7.1800 4.1600 2.5500 6.6900 2.7200 4.2300 23.5400 15.2200 7.0000 25.8000 3.8800 7.8600 6.5600 8.7700 21.2900 3.0000 5.5400 10.2200 20.0200 14.7100 11.2700 15.7800 27.1000 10.9900 7.9000 10.7400 52.9400 52.9400 10.2200
15 4.9200 4.7700 2.9200 4.4300 7.1800 4.1600 2.5500 6.6900 2.6700 4.2200 23.5400 15.2200 7.0000 25.5300 3.8800 7.8600 6.5600 8.7700 20.7600 3.0000 5.3400 10.2200 20.0200 14.7100 11.2700 15.7800 26.6200 10.9900 7.9000 10.7400 52.9400 52.9400 10.2200
16 4.9200 4.7700 2.9200 4.4300 7.1800 4.1600 2.5400 6.6900 2.6700 4.2200 23.5400 14.7300 7.0000 25.5300 3.8800 7.8600 6.5600 8.7700 20.7600 3.0000 5.1800 10.2200 20.0200 14.7100 11.2700 15.5200 26.6200 10.7200 7.9000 10.7400 52.9400 52.9400 10.2200
17 4.9100 4.7500 2.9200 4.4300 7.1800 4.1600 2.5200 6.6900 2.6400 4.2200 23.5400 14.3600 7.0000 25.5300 3.8800 7.8600 6.5600 8.7700 20.7600 3.0000 5.0000 10.2200 20.0200 14.7100 11.2700 15.5200 26.6200 10.4800 7.9000 10.7400 52.9400 52.9400 10.2200
18 4.9100 4.7500 2.9200 4.4300 7.1800 4.1600 2.5200 6.6900 2.6400 4.2200 23.5400 14.3600 7.0000 25.5300 3.8800 7.8600 6.5600 8.7700 20.7600 3.0000 5.0000 10.2200 20.0200 14.7100 11.2700 15.5200 26.6200 10.4800 7.9000 10.7400 52.9400 52.9400 10.2200
19 4.9100 4.7500 2.9200 4.4300 7.1800 4.1600 2.5200 6.6900 2.6400 4.2200 23.5400 13.9200 7.0000 25.5300 3.8800 7.8600 6.5600 8.7700 20.7600 3.0000 5.0000 10.2200 20.0200 14.7100 11.2700 15.5200 26.6200 10.4800 7.9000 10.7400 52.9400 52.9400 10.2200
20 4.9100 4.7500 2.9200 4.4300 7.1800 4.1600 2.5200 6.6900 2.6400 4.2200 23.5400 13.9200 7.0000 25.5300 3.8800 7.8600 6.5600 8.7700 20.7600 3.0000 5.0000 10.2200 20.0200 14.7100 11.2700 15.5200 26.6200 10.4800 7.9000 10.7400 52.9400 52.9400 10.2200
21 4.9100 4.7500 2.9200 4.4300 7.1800 4.1600 2.5200 6.6900 2.6400 4.2200 23.5400 13.9200 7.0000 25.5300 3.8800 7.8600 6.5600 8.7700 20.7600 3.0000 5.0000 10.2200 20.0200 14.7100 11.2700 15.5200 26.6200 10.4800 7.9000 10.7400 52.6600 52.9400 10.2200
22 4.9100 4.7500 2.9200 4.4300 7.1800 4.1600 2.5200 6.6900 2.6400 4.2200 23.5400 13.9200 7.0000 25.5300 3.8800 7.8600 6.5600 8.7700 20.7600 3.0000 5.0000 10.2200 20.0200 14.7100 11.2700 15.5200 26.6200 10.4800 7.9000 10.7400 52.6600 52.9400 10.2200
23 4.9100 4.7500 2.9200 4.4300 7.1800 4.1600 2.5200 6.6900 2.6400 4.2200 23.5400 13.9200 7.0000 25.5300 3.8800 7.8600 6.5600 8.7700 20.7600 3.0000 5.0000 10.2200 20.0200 14.7100 11.2700 15.5200 26.6200 10.4800 7.9000 10.7400 52.6600 52.9400 10.2200
24 4.9100 4.7500 2.9200 4.4300 7.1800 4.1600 2.5200 6.6900 2.6400 4.2200 23.5400 13.9200 7.0000 25.5300 3.8800 7.8600 6.5600 8.7700 20.7600 3.0000 5.0000 10.2200 20.0200 14.7100 11.2700 15.5200 26.6200 10.4800 7.9000 10.7400 51.9900 52.9400 10.2200
25 4.9100 4.7500 2.9200 4.4300 7.1800 4.1600 2.5200 6.6900 2.6400 4.2200 23.5400 13.9200 7.0000 25.5300 3.8800 7.8600 6.5600 8.7700 20.7600 3.0000 5.0000 10.2200 20.0200 14.7100 11.2700 15.5200 26.6200 10.4800 7.9000 10.7400 51.9900 52.9400 10.2200
26 4.9100 4.7500 2.9200 4.4300 7.1800 4.1600 2.5200 6.6900 2.6400 4.2200 23.5400 13.9200 7.0000 25.5300 3.8800 7.8600 6.5600 8.7700 20.7600 3.0000 5.0000 10.2200 20.0200 14.7100 11.2700 15.5200 26.6200 10.4800 7.9000 10.7400 51.9900 52.9400 10.2200
27 4.9100 4.7500 2.9200 4.4300 7.1800 4.1600 2.5200 6.6900 2.6400 4.2200 23.5400 13.9200 7.0000 25.5300 3.8800 7.8600 6.5600 8.7700 20.7600 3.0000 5.0000 10.2200 20.0200 14.7100 11.2700 15.5200 26.6200 10.4800 7.9000 10.7400 51.9900 52.7700 10.2200
28 4.9100 4.7500 2.9200 4.4300 7.1800 4.1600 2.5200 6.6900 2.6400 4.2200 23.5400 13.9200 7.0000 25.5300 3.8800 7.8600 6.5600 8.7700 20.7600 3.0000 5.0000 10.2200 20.0200 14.7100 11.2700 15.5200 26.6200 10.4800 7.9000 10.7400 51.2800 52.7700 10.2200
29 4.9100 4.7500 2.9200 4.4300 7.1800 4.1600 2.5200 6.6900 2.6400 4.2200 23.5400 13.9200 7.0000 25.5300 3.8800 7.8600 6.5600 8.7700 20.7600 3.0000 5.0000 10.2200 20.0200 14.7100 11.2700 15.5200 26.6200 10.4800 7.9000 10.7400 51.2800 52.7700 10.2200
30 4.9100 4.7500 2.9200 4.4300 7.1800 4.1600 2.5200 6.6900 2.6400 4.2200 23.5400 13.9200 7.0000 25.5300 3.8800 7.8600 6.5600 8.7700 20.7600 3.0000 5.0000 10.2200 20.0200 14.7100 11.2700 15.5200 26.6200 10.4800 7.9000 10.7400 51.2800 52.2100 10.2200
31 4.9100 4.7500 2.9200 4.4300 7.1800 4.1600 2.5200 6.6900 2.6400 4.2200 23.5400 13.9200 7.0000 25.5300 3.8800 7.8600 6.5600 8.7700 20.7600 3.0000 5.0000 10.2200 20.0200 14.7100 11.2700 15.5200 26.6200 10.4800 7.9000 10.7400 51.2800 52.2100 10.2200
32 4.9100 4.7500 2.9200 4.4300 7.1800 4.1600 2.5200 6.6900 2.6400 4.2200 23.5400 13.9200 7.0000 25.5300 3.8800 7.8600 6.5600 8.7700 20.7600 3.0000 5.0000 10.2200 20.0200 14.7100 11.2700 15.5200 26.6200 10.4800 7.9000 10.7400 50.5900 52.2100 10.2200
33 4.9100 4.7500 2.9200 4.4300 7.1800 4.1600 2.5200 6.6900 2.6400 4.2200 23.5400 13.9200 7.0000 25.5300 3.8800 7.8600 6.5600 8.7700 20.7600 3.0000 5.0000 10.2200 20.0200 14.7100 11.2700 15.5200 26.6200 10.4800 7.9000 10.7400 50.5900 52.2100 10.2200
34 4.9100 4.7500 2.9200 4.4300 7.1800 4.1600 2.5200 6.6900 2.6400 4.2200 23.5400 13.9200 7.0000 25.5300 3.8800 7.8600 6.5600 8.7700 20.7600 3.0000 5.0000 10.2200 20.0200 14.7100 11.2700 15.5200 26.6200 10.4800 7.9000 10.7400 50.5900 50.9100 10.2200
35 4.9100 4.7500 2.9200 4.4300 7.1800 4.1600 2.5200 6.6900 2.6400 4.2200 23.5400 13.9200 7.0000 25.5300 3.8800 7.8600 6.5600 8.7700 20.7600 3.0000 5.0000 10.2200 20.0200 14.7100 11.2700 15.5200 26.6200 10.4800 7.9000 10.7400 50.5900 50.9100 10.2200
36 4.9100 4.7500 2.9200 4.4300 7.1800 4.1600 2.5200 6.6900 2.6400 4.2200 23.5400 13.9200 7.0000 25.5300 3.8800 7.8600 6.5600 8.7700 20.7600 3.0000 5.0000 10.2200 20.0200 14.7100 11.2700 15.5200 26.6200 10.4800 7.9000 10.7400 49.2700 50.9100 10.2200
37 4.9100 4.7500 2.9200 4.4300 7.1800 4.1600 2.5200 6.6900 2.6400 4.2200 23.5400 13.9200 7.0000 25.5300 3.8800 7.8600 6.5600 8.7700 20.7600 3.0000 5.0000 10.2200 20.0200 14.7100 11.2700 15.5200 26.6200 10.4800 7.9000 10.7400 49.2700 50.9100 10.2200
38 4.9100 4.7500 2.9200 4.4300 7.1800 4.1600 2.5200 6.6900 2.6400 4.2200 23.5400 13.9200 7.0000 25.5300 3.8800 7.8600 6.5600 8.7700 20.7600 3.0000 5.0000 10.2200 20.0200 14.7100 11.2700 15.5200 26.6200 10.4800 7.9000 10.7400 49.2700 50.1500 10.2200
39 4.9100 4.7500 2.9200 4.4300 7.1800 4.1600 2.5200 6.6900 2.6400 4.2200 23.5400 13.9200 7.0000 25.5300 3.8800 7.8600 6.5600 8.7700 20.7600 3.0000 5.0000 10.2200 20.0200 14.7100 11.2700 15.5200 26.6200 10.4800 7.9000 10.7400 49.2700 50.1500 10.2200
40 4.9100 4.7500 2.9200 4.4300 7.1800 4.1600 2.5200 6.6900 2.6400 4.2200 23.5400 13.9200 7.0000 25.5300 3.8800 7.8600 6.5600 8.7700 20.7600 3.0000 5.0000 10.2200 20.0200 14.7100 11.2700 15.5200 26.6200 10.4800 7.9000 10.7400 49.2700 50.1500 10.2200
41 4.9100 4.7500 2.9200 4.4300 7.1800 4.1600 2.5200 6.6900 2.6400 4.2200 23.5400 13.9200 7.0000 25.5300 3.8800 7.8600 6.5600 8.7700 20.7600 3.0000 5.0000 10.2200 20.0200 14.7100 11.2700 15.5200 26.6200 10.4800 7.9000 10.7400 48.5900 50.1500 10.2200
42 4.9100 4.7500 2.9200 4.4300 7.1800 4.1600 2.5200 6.6900 2.6400 4.2200 23.5400 13.9200 7.0000 25.5300 3.8800 7.8600 6.5600 8.7700 20.7600 3.0000 5.0000 10.2200 20.0200 14.7100 11.2700 15.5200 26.6200 10.4800 7.9000 10.7400 48.5900 49.5000 10.2200
43 4.9100 4.7500 2.9200 4.4300 7.1800 4.1600 2.5200 6.6900 2.6400 4.2200 23.5400 13.9200 7.0000 25.5300 3.8800 7.8600 6.5600 8.7700 20.7600 3.0000 5.0000 10.2200 20.0200 14.7100 11.2700 15.5200 26.6200 10.4800 7.9000 10.7400 48.5900 49.5000 10.2200
44 4.9100 4.7500 2.9200 4.4300 7.1800 4.1600 2.5200 6.6900 2.6400 4.2200 23.5400 13.9200 7.0000 25.5300 3.8800 7.8600 6.5600 8.7700 20.7600 3.0000 5.0000 10.2200 20.0200 14.7100 11.2700 15.5200 26.6200 10.4800 7.9000 10.7400 48.4700 49.5000 10.2200
45 4.9100 4.7500 2.9200 4.4300 7.1800 4.1600 2.5200 6.6900 2.6400 4.2200 23.5400 13.9200 7.0000 25.5300 3.8800 7.8600 6.5600 8.7700 20.7600 3.0000 5.0000 10.2200 20.0200 14.7100 11.2700 15.5200 26.6200 10.4800 7.9000 10.7400 48.4700 49.5000 10.2200
46 4.9100 4.7500 2.9200 4.4300 7.1800 4.1600 2.5200 6.6900 2.6400 4.2200 23.5400 13.9200 7.0000 25.5300 3.8800 7.8600 6.5600 8.7700 20.7600 3.0000 5.0000 10.2200 20.0200 14.7100 11.2700 15.5200 26.6200 10.4800 7.9000 10.7400 48.4700 49.5000 10.2200
47 4.9100 4.7500 2.9200 4.4300 7.1800 4.1600 2.5200 6.6900 2.6400 4.2200 23.5400 13.9200 7.0000 25.5300 3.8800 7.8600 6.5600 8.7700 20.7600 3.0000 5.0000 10.2200 20.0200 14.7100 11.2700 15.5200 26.6200 10.4800 7.9000 10.7400 48.4700 49.0000 10.2200
48 4.9100 4.7500 2.9200 4.4300 7.1800 4.1600 2.5200 6.6900 2.6400 4.2200 23.5400 13.9200 7.0000 25.5300 3.8800 7.8600 6.5600 8.7700 20.7600 3.0000 5.0000 10.2200 20.0200 14.7100 11.2700 15.5200 26.6200 10.4800 7.9000 10.7400 48.4700 49.0000 10.2200
49 4.9100 4.7500 2.9200 4.4300 7.1800 4.1600 2.5200 6.6900 2.6400 4.2200 23.5400 13.9200 7.0000 25.5300 3.8800 7.8600 6.5600 8.7700 20.7600 3.0000 5.0000 10.2200 20.0200 14.7100 11.2700 15.5200 26.6200 10.4800 7.9000 10.7400 48.2300 49.0000 10.2200
50 4.9100 4.7500 2.9200 4.4300 7.1800 4.1600 2.5200 6.6900 2.6400 4.2200 23.5400 13.9200 7.0000 25.5300 3.8800 7.8600 6.5600 8.7700 20.7600 3.0000 5.0000 10.2200 20.0200 14.7100 11.2700 15.5200 26.6200 10.4800 7.9000 10.7400 48.2300 49.0000 10.2200
51 4.9100 4.7500 2.9200 4.4300 7.1800 4.1600 2.5200 6.6900 2.6400 4.2200 23.5400 13.9200 7.0000 25.5300 3.8800 7.8600 6.5600 8.7700 20.7600 3.0000 5.0000 10.2200 20.0200 14.7100 11.2700 15.5200 26.6200 10.4800 7.9000 10.7400 48.2300 48.6100 10.2200
52 4.9100 4.7500 2.9200 4.4300 7.1800 4.1600 2.5200 6.6900 2.6400 4.2200 23.5400 13.9200 7.0000 25.5300 3.8800 7.8600 6.5600 8.7700 20.7600 3.0000 5.0000 10.2200 20.0200 14.7100 11.2700 15.5200 26.6200 10.4800 7.9000 10.7400 48.2300 48.6100 10.2200
53 4.9100 4.7500 2.9200 4.4300 7.1800 4.1600 2.5200 6.6900 2.6400 4.2200 23.5400 13.9200 7.0000 25.5300 3.8800 7.8600 6.5600 8.7700 20.7600 3.0000 5.0000 10.2200 20.0200 14.7100 11.2700 15.5200 26.6200 10.4800 7.9000 10.7400 48.2300 48.6100 10.2200
54 4.9100 4.7500 2.9200 4.4300 7.1800 4.1600 2.5200 6.6900 2.6400 4.2200 23.5400 13.9200 7.0000 25.5300 3.8800 7.8600 6.5600 8.7700 20.7600 3.0000 5.0000 10.2200 20.0200 14.7100 11.2700 15.5200 26.6200 10.4800 7.9000 10.7400 47.8600 48.6100 10.2200
55 4.9100 4.7500 2.9200 4.4300 7.1800 4.1600 2.5200 6.6900 2.6400 4.2200 23.5400 13.9200 7.0000 25.5300 3.8800 7.8600 6.5600 8.7700 20.7600 3.0000 5.0000 10.2200 20.0200 14.7100 11.2700 15.5200 26.6200 10.4800 7.9000 10.7400 47.8600 48.6100 10.2200
56 4.9100 4.7500 2.9200 4.4300 7.1800 4.1600 2.5200 6.6900 2.6400 4.2200 23.5400 13.9200 7.0000 25.5300 3.8800 7.8600 6.5600 8.7700 20.7600 3.0000 5.0000 10.2200 20.0200 14.7100 11.2700 15.5200 26.6200 10.4800 7.9000 10.7400 47.8600 48.6100 10.2200
57 4.9100 4.7500 2.9200 4.4300 7.1800 4.1600 2.5200 6.6900 2.6400 4.2200 23.5400 13.9200 7.0000 25.5300 3.8800 7.8600 6.5600 8.7700 20.7600 3.0000 5.0000 10.2200 20.0200 14.7100 11.2700 15.5200 26.6200 10.4800 7.9000 10.7400 47.8600 48.6100 10.2200
61 4.9100 4.7500 2.9200 4.4300 7.1800 4.1600 2.5200 6.6900 2.6400 4.2200 23.5400 13.9200 7.0000 25.5300 3.8800 7.8600 6.5600 8.7700 20.7600 3.0000 5.0000 10.2200 20.0200 14.7100 11.2700 15.5200 26.6200 10.4800 7.9000 10.7400 47.8600 48.6100 10.2200
62 4.9100 4.7500 2.9200 4.4300 7.1800 4.1600 2.5200 6.6900 2.6400 4.2200 23.5400 13.9200 7.0000 25.5300 3.8800 7.8600 6.5600 8.7700 20.7600 3.0000 5.0000 10.2200 20.0200 14.7100 11.2700 15.5200 26.6200 10.4800 7.9000 10.7400 47.8600 48.6100 10.2200
65 4.9100 4.7500 2.9200 4.4300 7.1800 4.1600 2.5200 6.6900 2.6400 4.2200 23.5400 13.9200 7.0000 25.5300 3.8800 7.8600 6.5600 8.7700 20.7600 3.0000 5.0000 10.2200 20.0200 14.7100 11.2700 15.5200 26.6200 10.4800 7.9000 10.7400 47.8600 48.6100 10.2200
69 4.9100 4.7500 2.9200 4.4300 7.1800 4.1600 2.5200 6.6900 2.6400 4.2200 23.5400 13.9200 7.0000 25.5300 3.8800 7.8600 6.5600 8.7700 20.7600 3.0000 5.0000 10.2200 20.0200 14.7100 11.2700 15.5200 26.6200 10.4800 7.9000 10.7400 47.8600 48.6100 10.2200
71 4.9100 4.7500 2.9200 4.4300 7.1800 4.1600 2.5200 6.6900 2.6400 4.2200 23.5400 13.9200 7.0000 25.5300 3.8800 7.8600 6.5600 8.7700 20.7600 3.0000 5.0000 10.2200 20.0200 14.7100 11.2700 15.5200 26.6200 10.4800 7.9000 10.7400 47.8600 48.6100 10.2200
72 4.9100 4.7500 2.9200 4.4300 7.1800 4.1600 2.5200 6.6900 2.6400 4.2200 23.5400 13.9200 7.0000 25.5300 3.8800 7.8600 6.5600 8.7700 20.7600 3.0000 5.0000 10.2200 20.0200 14.7100 11.2700 15.5200 26.6200 10.4800 7.9000 10.7400 47.8600 48.6100 10.2200
75 4.9100 4.7500 2.9200 4.4300 7.1800 4.1600 2.5200 6.6900 2.6400 4.2200 23.5400 13.9200 7.0000 25.5300 3.8800 7.8600 6.5600 8.7700 20.7600 3.0000 5.0000 10.2200 20.0200 14.7100 11.2700 15.5200 26.6200 10.4800 7.9000 10.7400 47.8600 48.6100 10.2200
78 4.9100 4.7500 2.9200 4.4300 7.1800 4.1600 2.5200 6.6900 2.6400 4.2200 23.5400 13.9200 7.0000 25.5300 3.8800 7.8600 6.5600 8.7700 20.7600 3.0000 5.0000 10.2200 20.0200 14.7100 11.2700 15.5200 26.6200 10.4800 7.9000 10.7400 47.8600 48.6100 10.2200
80 4.9100 4.7500 2.9200 4.4300 7.1800 4.1600 2.5200 6.6900 2.6400 4.2200 23.5400 13.9200 7.0000 25.5300 3.8800 7.8600 6.5600 8.7700 20.7600 3.0000 5.0000 10.2200 20.0200 14.7100 11.2700 15.5200 26.6200 10.4800 7.9000 10.7400 47.8600 48.6100 10.2200
82 4.9100 4.7500 2.9200 4.4300 7.1800 4.1600 2.5200 6.6900 2.6400 4.2200 23.5400 13.9200 7.0000 25.5300 3.8800 7.8600 6.5600 8.7700 20.7600 3.0000 5.0000 10.2200 20.0200 14.7100 11.2700 15.5200 26.6200 10.4800 7.9000 10.7400 47.8600 48.6100 10.2200
88 4.9100 4.7500 2.9200 4.4300 7.1800 4.1600 2.5200 6.6900 2.6400 4.2200 23.5400 13.9200 7.0000 25.5300 3.8800 7.8600 6.5600 8.7700 20.7600 3.0000 5.0000 10.2200 20.0200 14.7100 11.2700 15.5200 26.6200 10.4800 7.9000 10.7400 47.8600 48.6100 10.2200
90 4.9100 4.7500 2.9200 4.4300 7.1800 4.1600 2.5200 6.6900 2.6400 4.2200 23.5400 13.9200 7.0000 25.5300 3.8800 7.8600 6.5600 8.7700 20.7600 3.0000 5.0000 10.2200 20.0200 14.7100 11.2700 15.5200 26.6200 10.4800 7.9000 10.7400 47.8600 48.6100 10.2200
97 4.9100 4.7500 2.9200 4.4300 7.1800 4.1600 2.5200 6.6900 2.6400 4.2200 23.5400 13.9200 7.0000 25.5300 3.8800 7.8600 6.5600 8.7700 20.7600 3.0000 5.0000 10.2200 20.0200 14.7100 11.2700 15.5200 26.6200 10.4800 7.9000 10.7400 47.8600 48.6100 10.2200
100 4.9100 4.7500 2.9200 4.4300 7.1800 4.1600 2.5200 6.6900 2.6400 4.2200 23.5400 13.9200 7.0000 25.5300 3.8800 7.8600 6.5600 8.7700 20.7600 3.0000 5.0000 10.2200 20.0200 14.7100 11.2700 15.5200 26.6200 10.4800 7.9000 10.7400 47.8600 48.6100 10.2200
107 4.9100 4.7500 2.9200 4.4300 7.1800 4.1600 2.5200 6.6900 2.6400 4.2200 23.5400 13.9200 7.0000 25.5300 3.8800 7.8600 6.5600 8.7700 20.7600 3.0000 5.0000 10.2200 20.0200 14.7100 11.2700 15.5200 26.6200 10.4800 7.9000 10.7400 47.8600 48.6100 10.2200
112 4.9100 4.7500 2.9200 4.4300 7.1800 4.1600 2.5200 6.6900 2.6400 4.2200 23.5400 13.9200 7.0000 25.5300 3.8800 7.8600 6.5600 8.7700 20.7600 3.0000 5.0000 10.2200 20.0200 14.7100 11.2700 15.5200 26.6200 10.4800 7.9000 10.7400 47.8600 48.6100 10.2200
116 4.9100 4.7500 2.9200 4.4300 7.1800 4.1600 2.5200 6.6900 2.6400 4.2200 23.5400 13.9200 7.0000 25.5300 3.8800 7.8600 6.5600 8.7700 20.7600 3.0000 5.0000 10.2200 20.0200 14.7100 11.2700 15.5200 26.6200 10.4800 7.9000 10.7400 47.8600 48.6100 10.2200
122 4.9100 4.7500 2.9200 4.4300 7.1800 4.1600 2.5200 6.6900 2.6400 4.2200 23.5400 13.9200 7.0000 25.5300 3.8800 7.8600 6.5600 8.7700 20.7600 3.0000 5.0000 10.2200 20.0200 14.7100 11.2700 15.5200 26.6200 10.4800 7.9000 10.7400 47.8600 48.6100 10.2200
127 4.9100 4.7500 2.9200 4.4300 7.1800 4.1600 2.5200 6.6900 2.6400 4.2200 23.5400 13.9200 7.0000 25.5300 3.8800 7.8600 6.5600 8.7700 20.7600 3.0000 5.0000 10.2200 20.0200 14.7100 11.2700 15.5200 26.6200 10.4800 7.9000 10.7400 47.8600 48.6100 10.2200
134 4.9100 4.7500 2.9200 4.4300 7.1800 4.1600 2.5200 6.6900 2.6400 4.2200 23.5400 13.9200 7.0000 25.5300 3.8800 7.8600 6.5600 8.7700 20.7600 3.0000 5.0000 10.2200 20.0200 14.7100 11.2700 15.5200 26.6200 10.4800 7.9000 10.7400 47.8600 48.6100 10.2200
136 4.9100 4.7500 2.9200 4.4300 7.1800 4.1600 2.5200 6.6900 2.6400 4.2200 23.5400 13.9200 7.0000 25.5300 3.8800 7.8600 6.5600 8.7700 20.7600 3.0000 5.0000 10.2200 20.0200 14.7100 11.2700 15.5200 26.6200 10.4800 7.9000 10.7400 47.8600 48.6100 10.2200
137 4.9100 4.7500 2.9200 4.4300 7.1800 4.1600 2.5200 6.6900 2.6400 4.2200 23.5400 13.9200 7.0000 25.5300 3.8800 7.8600 6.5600 8.7700 20.7600 3.0000 5.0000 10.2200 20.0200 14.7100 11.2700 15.5200 26.6200 10.4800 7.9000 10.7400 47.8600 48.6100 10.2200
145 4.9100 4.7500 2.9200 4.4300 7.1800 4.1600 2.5200 6.6900 2.6400 4.2200 23.5400 13.9200 7.0000 25.5300 3.8800 7.8600 6.5600 8.7700 20.7600 3.0000 5.0000 10.2200 20.0200 14.7100 11.2700 15.5200 26.6200 10.4800 7.9000 10.7400 47.8600 48.6100 10.2200
148 4.9100 4.7500 2.9200 4.4300 7.1800 4.1600 2.5200 6.6900 2.6400 4.2200 23.5400 13.9200 7.0000 25.5300 3.8800 7.8600 6.5600 8.7700 20.7600 3.0000 5.0000 10.2200 20.0200 14.7100 11.2700 15.5200 26.6200 10.4800 7.9000 10.7400 47.8600 48.6100 10.2200
156 4.9100 4.7500 2.9200 4.4300 7.1800 4.1600 2.5200 6.6900 2.6400 4.2200 23.5400 13.9200 7.0000 25.5300 3.8800 7.8600 6.5600 8.7700 20.7600 3.0000 5.0000 10.2200 20.0200 14.7100 11.2700 15.5200 26.6200 10.4800 7.9000 10.7400 47.8600 48.6100 10.2200
161 4.9100 4.7500 2.9200 4.4300 7.1800 4.1600 2.5200 6.6900 2.6400 4.2200 23.5400 13.9200 7.0000 25.5300 3.8800 7.8600 6.5600 8.7700 20.7600 3.0000 5.0000 10.2200 20.0200 14.7100 11.2700 15.5200 26.6200 10.4800 7.9000 10.7400 47.8600 48.6100 10.2200
166 4.9100 4.7500 2.9200 4.4300 7.1800 4.1600 2.5200 6.6900 2.6400 4.2200 23.5400 13.9200 7.0000 25.5300 3.8800 7.8600 6.5600 8.7700 20.7600 3.0000 5.0000 10.2200 20.0200 14.7100 11.2700 15.5200 26.6200 10.4800 7.9000 10.7400 47.8600 48.6100 10.2200
173 4.9100 4.7500 2.9200 4.4300 7.1800 4.1600 2.5200 6.6900 2.6400 4.2200 23.5400 13.9200 7.0000 25.5300 3.8800 7.8600 6.5600 8.7700 20.7600 3.0000 5.0000 10.2200 20.0200 14.7100 11.2700 15.5200 26.6200 10.4800 7.9000 10.7400 47.8600 48.6100 10.2200
179 4.9100 4.7500 2.9200 4.4300 7.1800 4.1600 2.5200 6.6900 2.6400 4.2200 23.5400 13.9200 7.0000 25.5300 3.8800 7.8600 6.5600 8.7700 20.7600 3.0000 5.0000 10.2200 20.0200 14.7100 11.2700 15.5200 26.6200 10.4800 7.9000 10.7400 47.8600 48.6100 10.2200
183 4.9100 4.7500 2.9200 4.4300 7.1800 4.1600 2.5200 6.6900 2.6400 4.2200 23.5400 13.9200 7.0000 25.5300 3.8800 7.8600 6.5600 8.7700 20.7600 3.0000 5.0000 10.2200 20.0200 14.7100 11.2700 15.5200 26.6200 10.4800 7.9000 10.7400 47.8600 48.6100 10.2200
194 4.9100 4.7500 2.9200 4.4300 7.1800 4.1600 2.5200 6.6900 2.6400 4.2200 23.5400 13.9200 7.0000 25.5300 3.8800 7.8600 6.5600 8.7700 20.7600 3.0000 5.0000 10.2200 20.0200 14.7100 11.2700 15.5200 26.6200 10.4800 7.9000 10.7400 47.8600 48.6100 10.2200
198 4.9100 4.7500 2.9200 4.4300 7.1800 4.1600 2.5200 6.6900 2.6400 4.2200 23.5400 13.9200 7.0000 25.5300 3.8800 7.8600 6.5600 8.7700 20.7600 3.0000 5.0000 10.2200 20.0200 14.7100 11.2700 15.5200 26.6200 10.4800 7.9000 10.7400 47.8600 48.6100 10.2200
211 4.9100 4.7500 2.9200 4.4300 7.1800 4.1600 2.5200 6.6900 2.6400 4.2200 23.5400 13.9200 7.0000 25.5300 3.8800 7.8600 6.5600 8.7700 20.7600 3.0000 5.0000 10.2200 20.0200 14.7100 11.2700 15.5200 26.6200 10.4800 7.9000 10.7400 47.8600 48.6100 10.2200
216 4.9100 4.7500 2.9200 4.4300 7.1800 4.1600 2.5200 6.6900 2.6400 4.2200 23.5400 13.9200 7.0000 25.5300 3.8800 7.8600 6.5600 8.7700 20.7600 3.0000 5.0000 10.2200 20.0200 14.7100 11.2700 15.5200 26.6200 10.4800 7.9000 10.7400 47.8600 48.6100 10.2200
236 4.9100 4.7500 2.9200 4.4300 7.1800 4.1600 2.5200 6.6900 2.6400 4.2200 23.5400 13.9200 7.0000 25.5300 3.8800 7.8600 6.5600 8.7700 20.7600 3.0000 5.0000 10.2200 20.0200 14.7100 11.2700 15.5200 26.6200 10.4800 7.9000 10.7400 47.8600 48.6100 10.2200
