3 100.0000 100.0000 100.0000 100.0000 100.0000 100.0000 100.0000 100.0000 100.0000 100.0000 100.0000 100.0000 100.0000 100.0000 100.0000 100.0000 100.0000 100.0000
4 0 2.0800 1.6900 1.6800 8.3300 100.0000 100.0000 100.0000 100.0000 100.0000 100.0000 100.0000 100.0000 100.0000 100.0000 100.0000 100.0000 100.0000
5 0 2.0800 1.6900 1.6800 8.1400 100.0000 100.0000 100.0000 100.0000 100.0000 100.0000 100.0000 100.0000 100.0000 100.0000 100.0000 100.0000 100.0000
6 0 2.0800 1.4800 1.6800 8.1400 100.0000 100.0000 100.0000 100.0000 100.0000 100.0000 100.0000 100.0000 100.0000 100.0000 67.5500 100.0000 100.0000
7 0 2.0800 1.4800 1.6800 7.9200 100.0000 100.0000 100.0000 100.0000 100.0000 100.0000 100.0000 100.0000 100.0000 66.6600 67.5500 100.0000 100.0000
8 0 2.0800 1.4800 1.6800 7.9200 100.0000 100.0000 100.0000 100.0000 100.0000 100.0000 66.6600 100.0000 100.0000 66.6600 67.5500 100.0000 100.0000
9 0 2.0800 1.4800 1.6800 7.8300 100.0000 50.4400 100.0000 66.6600 100.0000 100.0000 66.6600 100.0000 100.0000 66.6600 67.5500 83.7500 100.0000
10 0 2.0800 1.4800 1.6800 7.8300 100.0000 50.4400 100.0000 66.6600 100.0000 72.1500 66.6600 71.1400 100.0000 66.6600 67.5500 83.7500 100.0000
11 0 2.0800 1.4800 1.6800 7.7500 100.0000 50.4400 100.0000 66.6600 100.0000 72.1500 66.6600 71.1400 100.0000 66.6600 67.5500 83.7500 100.0000
12 0 2.0800 1.4800 1.6800 7.7500 100.0000 50.4400 100.0000 66.6600 100.0000 72.1500 66.6600 71.1400 100.0000 66.6600 67.5500 83.7500 100.0000
13 0 2.0800 1.3700 1.6800 7.5800 100.0000 50.4400 100.0000 66.6600 52.9400 72.1500 66.6600 71.1400 100.0000 66.6600 67.5500 82.9600 73.8000
14 0 2.0800 1.3700 1.6800 7.5800 100.0000 50.4400 100.0000 66.6600 52.9400 72.1500 66.6600 71.1400 60.3800 66.6600 67.5500 82.9600 73.8000
15 0 2.0800 1.3700 1.6800 7.5800 100.0000 50.4400 100.0000 66.6600 52.9400 72.1500 66.6600 71.1400 60.3800 66.6600 67.4700 82.9600 73.8000
16 0 2.0800 1.3700 1.6800 7.4800 100.0000 50.4400 100.0000 66.6600 52.9400 72.1500 66.6600 71.1400 59.2400 66.6600 67.4700 82.9600 72.6200
17 0 2.0800 1.3700 1.6800 7.4800 100.0000 50.4400 100.0000 66.6600 52.9400 72.1500 66.6600 71.1400 59.2400 66.6600 67.4700 82.9600 72.6200
18 0 2.0800 1.2300 1.6800 7.4800 100.0000 50.4400 100.0000 66.6600 52.9400 72.1300 66.6600 71.1400 59.2400 66.6600 67.4700 82.9600 71.5400
19 0 2.0800 1.2300 1.6800 7.4000 100.0000 50.4400 100.0000 66.6600 52.9400 72.1300 66.6600 71.1400 58.4600 66.6600 67.4700 82.9600 71.5400
20 0 2.0800 1.2300 1.6800 7.4000 100.0000 50.4400 100.0000 66.6600 52.9400 72.1300 66.6600 71.1400 58.4600 66.6600 67.2800 82.9600 71.5400
21 0 2.0800 1.2300 1.6800 7.4000 100.0000 50.4400 100.0000 66.6600 52.9400 72.1300 66.6600 71.1400 57.7000 66.6600 67.2800 82.9600 70.3300
22 0 2.0800 1.2300 1.6800 7.4000 100.0000 50.4400 100.0000 66.6600 52.9400 72.1300 66.6600 71.1400 57.7000 66.6600 67.2800 82.9600 70.3300
23 0 2.0800 1.2200 1.6800 7.2000 100.0000 50.4400 100.0000 66.6600 52.9400 72.1300 66.6600 71.1400 57.7000 66.6600 67.2800 82.9600 70.3300
24 0 2.0800 1.2200 1.6800 7.2000 100.0000 50.4400 100.0000 66.6600 52.9400 72.1200 66.6600 71.1300 56.9300 66.6600 67.2800 82.4100 69.7800
25 0 2.0800 1.2200 1.6800 7.2000 100.0000 50.4400 100.0000 66.6600 52.9400 72.1200 66.6600 71.1300 56.9300 66.6600 66.9000 82.4100 69.7800
26 0 2.0800 1.2200 1.6800 7.1300 100.0000 50.4400 100.0000 66.6600 52.9400 72.1200 66.6600 71.1300 56.9300 66.6600 66.9000 82.4100 69.7800
27 0 2.0800 1.2200 1.6800 7.1300 100.0000 50.4400 100.0000 66.6600 52.9400 72.1200 66.6000 71.1300 56.1900 66.6600 66.4900 82.4100 69.2300
28 0 2.0800 1.2200 1.6800 7.1300 100.0000 50.4400 100.0000 66.6600 52.9400 72.1200 66.6000 71.1300 56.1900 66.6600 66.4900 81.5600 69.2300
29 0 2.0800 1.2200 1.6800 7.1300 100.0000 50.4400 100.0000 66.6600 52.9400 72.1200 66.6000 71.1300 55.6100 66.6600 65.8800 81.5600 69.2300
30 0 2.0800 1.1000 1.6800 7.1300 100.0000 50.4400 100.0000 66.6600 52.9400 72.1200 66.6000 71.1300 55.6100 66.6600 65.8800 81.5600 68.8700
31 0 2.0800 1.1000 1.6800 7.1300 100.0000 50.4400 100.0000 66.6600 52.9400 72.0900 66.6000 71.1300 55.6100 66.6600 65.1500 81.5600 68.8700
32 0 2.0800 1.1000 1.6800 7.1200 100.0000 50.4400 100.0000 66.6600 52.9400 72.0900 66.6000 71.1300 55.6100 66.6600 65.1500 80.9500 68.8700
33 0 2.0800 1.1000 1.6800 7.1200 100.0000 50.4400 100.0000 66.6600 52.9400 72.0900 66.6000 71.1300 55.0800 66.6600 65.1500 80.9500 68.2200
34 0 2.0800 1.1000 1.6800 7.1200 100.0000 50.4400 100.0000 66.6600 52.9400 72.0900 66.6000 71.0000 55.0800 66.6600 64.1100 80.9500 68.2200
35 0 2.0800 1.1000 1.6800 7.1200 100.0000 50.4400 100.0000 66.6600 52.9400 72.0900 66.6000 71.0000 55.0800 66.6600 64.1100 80.9500 68.2200
36 0 2.0800 .9700 1.6800 7.1200 100.0000 50.4400 100.0000 66.6600 52.9400 72.0900 66.5800 71.0000 54.3800 66.6600 64.1100 80.9500 67.6100
37 0 2.0800 .9700 1.6800 7.1000 100.0000 50.4400 100.0000 66.6600 52.9400 72.0900 66.5800 71.0000 54.3800 66.6600 63.3900 79.9600 67.6100
38 0 2.0800 .9700 1.6800 7.1000 100.0000 50.4400 100.0000 66.6600 52.9400 72.0900 66.5800 71.0000 54.3800 66.6600 63.3900 79.9600 67.0600
39 0 2.0800 .9700 1.6800 7.1000 100.0000 50.4400 100.0000 66.6600 52.9400 72.0900 66.5800 71.0000 53.8500 66.6600 62.3800 79.9600 67.0600
40 0 2.0800 .9700 1.6800 7.0400 100.0000 50.4400 100.0000 66.6600 52.9400 71.8200 66.5800 71.0000 53.8500 66.6600 62.3800 78.8700 67.0600
41 0 2.0800 .9700 1.6800 7.0400 100.0000 50.4400 100.0000 66.6600 52.9400 71.8200 66.5800 70.8100 53.8500 66.6600 62.3800 78.8700 66.4900
42 0 2.0800 .9700 1.6800 7.0400 100.0000 50.4400 100.0000 66.6600 52.9400 71.8200 66.5800 70.8100 53.8500 66.5100 61.5100 78.8700 66.4900
43 0 2.0800 .8800 1.6800 6.9600 100.0000 50.4400 100.0000 66.6600 52.9400 71.8200 66.5800 70.8100 53.3600 66.5100 61.5100 78.8700 66.4900
44 0 2.0800 .8800 1.6800 6.9600 100.0000 50.4400 100.0000 66.6600 52.9400 71.8200 66.5800 70.8100 53.3600 66.5100 61.5100 78.8700 66.0900
45 0 2.0800 .8800 1.6800 6.8900 100.0000 50.4400 100.0000 66.6600 52.9400 71.2100 66.5800 70.8100 53.3600 66.5100 60.5500 78.8700 66.0900
46 0 2.0800 .8800 1.6800 6.8900 100.0000 50.4400 100.0000 66.6600 52.9400 71.2100 66.5800 70.8100 53.3600 66.5100 60.5500 77.6900 66.0900
47 0 2.0800 .8800 1.6800 6.8200 100.0000 50.4400 100.0000 66.6600 52.9400 71.2100 66.5800 70.6200 52.8500 66.5100 60.5500 77.6900 66.0900
48 0 2.0800 .8800 1.6800 6.8200 100.0000 50.4400 100.0000 66.6600 52.9400 70.6500 66.5800 70.6200 52.8500 66.5100 59.7100 77.6900 66.0900
49 0 2.0800 .8800 1.6800 6.7500 100.0000 50.4400 100.0000 66.6600 52.9400 70.6500 66.5000 70.6200 52.8500 66.5100 59.7100 77.6900 65.4000
50 0 2.0800 .8800 1.6800 6.7500 100.0000 50.4400 100.0000 66.6600 52.9400 70.6500 66.5000 70.6200 52.8500 66.5100 59.7100 77.6900 65.4000
51 0 2.0800 .8800 1.6800 6.6800 100.0000 50.4400 100.0000 66.6600 52.9400 70.6500 66.5000 70.4500 52.4000 66.5100 59.7100 77.6900 65.4000
52 0 2.0800 .8800 1.6800 6.6800 100.0000 50.4400 100.0000 66.6600 52.9400 69.7500 66.5000 70.4500 52.4000 66.5100 58.8500 76.3100 64.9400
53 0 2.0800 .8400 1.6800 6.6800 100.0000 50.4400 100.0000 66.6600 52.9400 69.7500 66.5000 70.4500 52.4000 66.5100 58.8500 76.3100 64.9400
54 0 2.0800 .8400 1.6800 6.6100 100.0000 50.4400 100.0000 66.6600 52.9400 69.7500 66.5000 70.2200 52.4000 66.5100 58.8500 76.3100 64.9400
55 0 2.0800 .8400 1.6800 6.6100 100.0000 50.4400 100.0000 66.6600 52.9400 69.7500 66.5000 70.2200 51.9600 66.5100 58.0200 76.3100 64.9400
56 0 2.0800 .8400 1.6800 6.5500 100.0000 50.4400 100.0000 66.6600 52.9400 69.7500 66.5000 70.2200 51.9600 66.5100 58.0200 76.3100 64.3900
57 0 2.0800 .8400 1.6800 6.5500 100.0000 50.4400 100.0000 66.6600 52.9400 68.8000 66.5000 70.0000 51.9600 66.0800 58.0200 75.2700 64.3900
58 0 2.0800 .8400 1.6800 6.5500 100.0000 50.4400 100.0000 66.6600 52.9400 68.8000 66.5000 70.0000 51.9600 66.0800 58.0200 75.2700 64.3900
59 0 2.0800 .8400 1.6800 6.5500 100.0000 50.4400 100.0000 66.6600 52.9400 68.8000 66.5000 70.0000 51.9600 66.0800 57.1600 75.2700 64.3900
60 0 2.0800 .8400 1.6800 6.5500 100.0000 50.4400 100.0000 66.6600 52.9400 68.8000 66.5000 69.8100 51.9600 66.0800 57.1600 75.2700 63.8400
61 0 2.0800 .8400 1.6800 6.5500 100.0000 50.4400 100.0000 66.6600 52.9400 67.9100 66.5000 69.8100 51.9600 66.0800 57.1600 75.2700 63.8400
62 0 2.0800 .8400 1.6800 6.5500 100.0000 50.4400 100.0000 66.6600 52.9400 67.9100 66.5000 69.8100 51.3400 66.0800 57.1600 75.2700 63.8400
63 0 2.0800 .8400 1.6800 6.5500 100.0000 50.4400 100.0000 66.6600 52.9400 67.9100 66.5000 69.8100 51.3400 66.0800 56.1400 75.2700 63.8400
64 0 2.0800 .8400 1.6800 6.5500 100.0000 50.4400 100.0000 66.6600 52.9400 67.9100 66.1500 69.6300 51.3400 66.0800 56.1400 75.2700 63.8400
65 0 2.0800 .8400 1.6800 6.5500 100.0000 50.4400 100.0000 66.6600 52.9400 67.9100 66.1500 69.6300 51.3400 66.0800 56.1400 74.2900 63.8400
66 0 2.0800 .8400 1.6800 6.5500 100.0000 50.4400 100.0000 66.6600 52.9400 67.9100 66.1500 69.6300 51.3400 66.0800 56.1400 74.2900 63.2900
67 0 2.0800 .8400 1.6800 6.5500 100.0000 50.4400 100.0000 66.6600 52.9400 66.5900 66.1500 69.6300 50.8900 66.0800 55.4900 74.2900 63.2900
68 0 2.0800 .8400 1.6800 6.5500 100.0000 50.4400 100.0000 66.6600 52.9400 66.5900 66.1500 69.3200 50.8900 66.0800 55.4900 74.2900 63.2900
69 0 2.0800 .8400 1.6800 6.5500 100.0000 50.4400 100.0000 66.6600 52.9400 66.5900 66.1500 69.3200 50.8900 66.0800 55.4900 73.5100 63.2900
70 0 2.0800 .8400 1.6800 6.5500 100.0000 50.4400 100.0000 66.6600 52.9400 66.5900 66.1500 69.3200 50.8900 66.0800 55.4900 73.5100 63.2900
71 0 2.0800 .8400 1.6800 6.5500 100.0000 50.4400 100.0000 66.6600 52.9400 65.6700 66.1500 69.3200 50.8900 66.0800 55.4900 73.5100 63.2900
72 0 2.0400 .8400 1.6800 6.5500 100.0000 50.4400 100.0000 66.6600 52.9400 65.6700 66.1500 69.3200 50.8900 64.6400 55.4900 73.5100 62.7700
73 0 2.0400 .8400 1.6800 6.5500 100.0000 50.4400 100.0000 66.6600 52.9400 65.6700 66.1500 68.9600 50.4500 64.6400 55.4900 72.4200 62.7700
74 0 2.0400 .8400 1.6800 6.5500 100.0000 50.4400 100.0000 66.6600 52.9400 65.6700 66.1500 68.9600 50.4500 64.6400 55.4900 72.4200 62.7700
75 0 2.0400 .8400 1.6800 6.5500 100.0000 50.4400 100.0000 66.6600 52.9400 64.8200 66.1500 68.9600 50.4500 64.6400 55.4900 72.4200 62.7700
76 0 2.0400 .8400 1.6800 6.5500 100.0000 50.4400 100.0000 66.6600 52.9400 64.8200 66.1500 68.9600 50.4500 64.6400 55.4900 71.7300 62.7700
77 0 2.0400 .8400 1.6800 6.5500 100.0000 50.4400 100.0000 66.6600 52.9400 64.8200 65.8500 68.6400 50.1300 64.6400 55.4900 71.7300 62.7700
78 0 2.0400 .8400 1.6800 6.5500 100.0000 50.4400 100.0000 66.6600 52.9400 64.8200 65.8500 68.6400 50.1300 64.6400 55.4900 71.7300 62.2400
79 0 2.0100 .8400 1.6800 6.5500 100.0000 50.4400 100.0000 66.6600 52.9400 64.1800 65.8500 68.6400 50.1300 64.6400 55.4900 71.7300 62.2400
80 0 2.0100 .8400 1.6800 6.5500 100.0000 50.4400 100.0000 66.6600 52.9400 64.1800 65.8500 68.6400 50.1300 64.6400 55.4900 71.7300 62.2400
81 0 2.0100 .8400 1.6800 6.5500 100.0000 50.4400 100.0000 66.6600 52.9400 64.1800 65.8500 68.3500 50.1300 64.6400 55.4900 70.7000 62.2400
82 0 2.0100 .8400 1.6800 6.5500 100.0000 50.4400 100.0000 66.6600 52.9400 64.1800 65.8500 68.3500 50.1300 64.6400 55.4900 70.7000 62.2400
83 0 2.0100 .8400 1.6800 6.5500 100.0000 50.4400 100.0000 66.6600 52.9400 63.4300 65.8500 68.3500 49.7700 64.6400 55.4900 70.7000 62.2400
84 0 2.0100 .8400 1.6800 6.5500 100.0000 50.4400 100.0000 66.6600 52.9400 63.4300 65.8500 68.3500 49.7700 64.6400 55.4900 70.7000 62.2400
85 0 2.0100 .8400 1.6800 6.5500 100.0000 50.4400 100.0000 66.6600 52.9400 63.4300 65.8500 68.3500 49.7700 64.6400 55.4900 70.7000 62.2400
86 0 2.0100 .8400 1.6800 6.5500 100.0000 50.4400 100.0000 66.6600 52.9400 63.4300 65.8500 68.0200 49.7700 64.6400 55.4900 69.9300 61.7100
87 0 2.0000 .8400 1.6800 6.5500 100.0000 50.4400 100.0000 66.6600 52.9400 63.4300 65.8500 68.0200 49.7700 64.6400 55.4900 69.9300 61.7100
88 0 2.0000 .8400 1.6800 6.5500 100.0000 50.4400 100.0000 66.6600 52.9400 63.4300 65.8500 68.0200 49.3300 64.6400 55.4900 69.9300 61.7100
89 0 2.0000 .8400 1.6800 6.5500 100.0000 50.4400 100.0000 66.6600 52.9400 62.5700 65.8500 68.0200 49.3300 64.6400 55.4900 69.9300 61.7100
90 0 2.0000 .8400 1.6800 6.5500 100.0000 50.4400 100.0000 66.6600 52.9400 62.5700 65.8500 68.0200 49.3300 63.3300 55.4900 69.9300 61.7100
91 0 2.0000 .8400 1.6800 6.5500 100.0000 50.4400 100.0000 66.6600 52.9400 62.5700 65.8500 67.7500 49.3300 63.3300 55.4900 69.2300 61.7100
92 0 2.0000 .8400 1.6800 6.5500 100.0000 50.4400 100.0000 66.6600 52.9400 62.5700 65.8500 67.7500 49.3300 63.3300 55.4900 69.2300 61.7100
93 0 2.0000 .8400 1.6800 6.5500 100.0000 50.4400 100.0000 66.6600 52.9400 62.5700 65.8500 67.7500 49.3300 63.3300 55.4900 69.2300 61.7100
94 0 2.0000 .8400 1.6800 6.5500 100.0000 50.4400 100.0000 66.6600 52.9400 61.8000 65.8500 67.7500 49.3300 63.3300 55.4900 69.2300 61.7100
95 0 2.0000 .8400 1.6800 6.5500 100.0000 50.4400 100.0000 66.6600 52.9400 61.8000 65.8500 67.7500 49.3300 63.3300 55.4900 69.2300 61.7100
96 0 2.0000 .8400 1.6800 6.5500 100.0000 50.4400 100.0000 66.6600 52.9400 61.8000 65.8500 67.4600 49.3300 63.3300 55.4900 69.2300 61.7100
97 0 2.0000 .8400 1.6800 6.5500 100.0000 50.4400 100.0000 66.6600 52.9400 61.8000 65.8500 67.4600 49.3300 63.3300 55.4900 68.3300 61.7100
98 0 1.9600 .8400 1.6800 6.5500 100.0000 50.4400 100.0000 66.6600 52.9400 61.8000 65.8500 67.4600 49.3300 63.3300 55.4900 68.3300 61.7100
99 0 1.9600 .8400 1.6800 6.5500 100.0000 50.4400 100.0000 66.6600 52.9400 61.8000 65.8500 67.4600 49.3300 63.3300 55.4900 68.3300 61.7100
100 0 1.9600 .8400 1.6800 6.5500 100.0000 50.4400 100.0000 66.6600 52.9400 61.8000 65.8500 67.4600 49.3300 63.3300 55.4900 68.3300 61.7100
101 0 1.9600 .8400 1.6800 6.5500 100.0000 50.4400 100.0000 66.6600 52.9400 60.7900 65.8500 67.0500 49.3300 63.3300 55.4900 68.3300 61.7100
102 0 1.9600 .8400 1.6800 6.5500 100.0000 50.4400 100.0000 66.6600 52.9400 60.7900 65.8500 67.0500 49.3300 63.3300 55.4900 67.3900 61.7100
103 0 1.9600 .8400 1.6800 6.5500 100.0000 50.4400 100.0000 66.6600 52.9400 60.7900 65.3800 67.0500 49.3300 63.3300 55.4900 67.3900 61.7100
104 0 1.9600 .8400 1.6800 6.5500 100.0000 50.4400 100.0000 66.6600 52.9400 60.7900 65.3800 67.0500 49.3300 63.3300 55.4900 67.3900 61.7100
105 0 1.9600 .8400 1.6800 6.5500 100.0000 50.4400 100.0000 66.6600 52.9400 60.7900 65.3800 67.0500 49.3300 63.3300 55.4900 67.3900 61.7100
106 0 1.9600 .8400 1.6800 6.5500 100.0000 50.4400 100.0000 66.6600 52.9400 60.7900 65.3800 67.0500 49.3300 63.3300 55.4900 67.3900 61.7100
107 0 1.9600 .8400 1.6800 6.5500 100.0000 50.4400 100.0000 66.6600 52.9400 60.0600 65.3800 67.0500 49.3300 63.3300 55.4900 67.3900 61.7100
108 0 1.9300 .8400 1.6800 6.5500 100.0000 50.4400 100.0000 66.6600 52.9400 60.0600 65.3800 67.0500 49.3300 63.3300 55.4900 67.3900 61.7100
109 0 1.9300 .8400 1.6800 6.5500 100.0000 50.4400 100.0000 66.6600 52.9400 60.0600 65.3800 67.0500 49.3300 63.3300 55.4900 67.3900 61.7100
110 0 1.9300 .8400 1.6800 6.5500 100.0000 50.4400 100.0000 66.6600 52.9400 60.0600 65.3800 67.0500 49.3300 61.5500 55.4900 67.3900 61.7100
111 0 1.9300 .8400 1.6800 6.5500 100.0000 50.4400 100.0000 66.6600 52.9400 60.0600 65.3800 67.0500 49.3300 61.5500 55.4900 67.3900 61.7100
112 0 1.9300 .8400 1.6800 6.5500 100.0000 50.4400 100.0000 66.6600 52.9400 60.0600 65.3800 67.0500 49.3300 61.5500 55.4900 67.3900 61.7100
113 0 1.9300 .8400 1.6800 6.5500 100.0000 50.4400 100.0000 66.6600 52.9400 60.0600 65.3800 67.0500 49.3300 61.5500 55.4900 67.3900 61.7100
114 0 1.9300 .8400 1.6800 6.5500 100.0000 50.4400 100.0000 66.6600 52.9400 60.0600 65.3800 67.0500 49.3300 61.5500 55.4900 67.3900 61.7100
115 0 1.9300 .8400 1.6800 6.5500 100.0000 50.4400 100.0000 66.6600 52.9400 60.0600 65.3800 67.0500 49.3300 61.5500 55.4900 67.3900 61.7100
116 0 1.9300 .8400 1.6800 6.5500 100.0000 50.4400 100.0000 66.6600 52.9400 60.0600 65.3800 67.0500 49.3300 61.5500 55.4900 67.3900 61.7100
117 0 1.9300 .8400 1.6800 6.5500 100.0000 50.4400 100.0000 66.6600 52.9400 60.0600 65.3800 67.0500 49.3300 61.5500 55.4900 67.3900 61.7100
118 0 1.9300 .8400 1.6800 6.5500 100.0000 50.4400 100.0000 66.6600 52.9400 60.0600 65.3800 67.0500 49.3300 61.5500 55.4900 67.3900 61.7100
122 0 1.8700 .8400 1.6800 6.5500 100.0000 50.4400 100.0000 66.6600 52.9400 60.0600 65.3800 67.0500 49.3300 61.5500 55.4900 67.3900 61.7100
123 0 1.8700 .8400 1.6800 6.5500 100.0000 50.4400 100.0000 66.6600 52.9400 60.0600 65.3800 67.0500 49.3300 61.5500 55.4900 67.3900 61.7100
124 0 1.8700 .8400 1.6800 6.5500 100.0000 50.4400 100.0000 66.6600 52.9400 60.0600 65.3800 67.0500 49.3300 61.5500 55.4900 67.3900 61.7100
125 0 1.8700 .8400 1.6800 6.5500 100.0000 50.4400 100.0000 66.6600 52.9400 60.0600 65.3800 67.0500 49.3300 61.5500 55.4900 67.3900 61.7100
126 0 1.8700 .8400 1.6800 6.5500 100.0000 50.4400 100.0000 66.6600 52.9400 60.0600 65.3800 67.0500 49.3300 61.5500 55.4900 67.3900 61.7100
127 0 1.8700 .8400 1.6800 6.5500 100.0000 50.4400 100.0000 66.6600 52.9400 60.0600 64.9200 67.0500 49.3300 61.5500 55.4900 67.3900 61.7100
128 0 1.8700 .8400 1.6800 6.5500 100.0000 50.4400 100.0000 66.6600 52.9400 60.0600 64.9200 67.0500 49.3300 61.5500 55.4900 67.3900 61.7100
129 0 1.8700 .8400 1.6800 6.5500 100.0000 50.4400 100.0000 66.6600 52.9400 60.0600 64.9200 67.0500 49.3300 61.5500 55.4900 67.3900 61.7100
130 0 1.8700 .8400 1.6800 6.5500 100.0000 50.4400 100.0000 66.6600 52.9400 60.0600 64.9200 67.0500 49.3300 61.5500 55.4900 67.3900 61.7100
131 0 1.8700 .8400 1.6800 6.5500 100.0000 50.4400 100.0000 66.6600 52.9400 60.0600 64.9200 67.0500 49.3300 61.5500 55.4900 67.3900 61.7100
132 0 1.8700 .8400 1.6800 6.5500 100.0000 50.4400 100.0000 66.6600 52.9400 60.0600 64.9200 67.0500 49.3300 61.5500 55.4900 67.3900 61.7100
133 0 1.8200 .8400 1.6800 6.5500 100.0000 50.4400 100.0000 66.6600 52.9400 60.0600 64.9200 67.0500 49.3300 61.5500 55.4900 67.3900 61.7100
134 0 1.8200 .8400 1.6800 6.5500 100.0000 50.4400 100.0000 66.6600 52.9400 60.0600 64.9200 67.0500 49.3300 61.5500 55.4900 67.3900 61.7100
135 0 1.8200 .8400 1.6800 6.5500 100.0000 50.4400 100.0000 66.6600 52.9400 60.0600 64.9200 67.0500 49.3300 61.5500 55.4900 67.3900 61.7100
136 0 1.8200 .8400 1.6800 6.5500 100.0000 50.4400 100.0000 66.6600 52.9400 60.0600 64.9200 67.0500 49.3300 61.5500 55.4900 67.3900 61.7100
137 0 1.8200 .8400 1.6800 6.5500 100.0000 50.4400 100.0000 66.6600 52.9400 60.0600 64.9200 67.0500 49.3300 61.5500 55.4900 67.3900 61.7100
138 0 1.8200 .8400 1.6800 6.5500 100.0000 50.4400 100.0000 66.6600 52.9400 60.0600 64.9200 67.0500 49.3300 61.5500 55.4900 67.3900 61.7100
139 0 1.8200 .8400 1.6800 6.5500 100.0000 50.4400 100.0000 66.6600 52.9400 60.0600 64.9200 67.0500 49.3300 61.5500 55.4900 67.3900 61.7100
140 0 1.8200 .8400 1.6800 6.5500 100.0000 50.4400 100.0000 66.6600 52.9400 60.0600 64.9200 67.0500 49.3300 61.5500 55.4900 67.3900 61.7100
141 0 1.8200 .8400 1.6800 6.5500 100.0000 50.4400 100.0000 66.6600 52.9400 60.0600 64.9200 67.0500 49.3300 61.5500 55.4900 67.3900 61.7100
143 0 1.8200 .8400 1.6800 6.5500 100.0000 50.4400 100.0000 66.6600 52.9400 60.0600 64.9200 67.0500 49.3300 61.5500 55.4900 67.3900 61.7100
144 0 1.8200 .8400 1.6800 6.5500 100.0000 50.4400 100.0000 66.6600 52.9400 60.0600 64.9200 67.0500 49.3300 61.5500 55.4900 67.3900 61.7100
145 0 1.8200 .8400 1.6800 6.5500 100.0000 50.4400 100.0000 66.6600 52.9400 60.0600 64.9200 67.0500 49.3300 61.5500 55.4900 67.3900 61.7100
146 0 1.7700 .8400 1.6800 6.5500 100.0000 50.4400 100.0000 66.6600 52.9400 60.0600 64.9200 67.0500 49.3300 61.5500 55.4900 67.3900 61.7100
147 0 1.7700 .8400 1.6800 6.5500 100.0000 50.4400 100.0000 66.6600 52.9400 60.0600 64.9200 67.0500 49.3300 61.5500 55.4900 67.3900 61.7100
148 0 1.7700 .8400 1.6800 6.5500 100.0000 50.4400 100.0000 66.6600 52.9400 60.0600 64.9200 67.0500 49.3300 61.5500 55.4900 67.3900 61.7100
149 0 1.7700 .8400 1.6800 6.5500 100.0000 50.4400 100.0000 66.6600 52.9400 60.0600 64.4700 67.0500 49.3300 61.5500 55.4900 67.3900 61.7100
150 0 1.7700 .8400 1.6800 6.5500 100.0000 50.4400 100.0000 66.6600 52.9400 60.0600 64.4700 67.0500 49.3300 61.5500 55.4900 67.3900 61.7100
151 0 1.7700 .8400 1.6800 6.5500 100.0000 50.4400 100.0000 66.6600 52.9400 60.0600 64.4700 67.0500 49.3300 61.5500 55.4900 67.3900 61.7100
152 0 1.7700 .8400 1.6800 6.5500 100.0000 50.4400 100.0000 66.6600 52.9400 60.0600 64.4700 67.0500 49.3300 61.5500 55.4900 67.3900 61.7100
153 0 1.7700 .8400 1.6800 6.5500 100.0000 50.4400 100.0000 66.6600 52.9400 60.0600 64.4700 67.0500 49.3300 61.5500 55.4900 67.3900 61.7100
154 0 1.7700 .8400 1.6600 6.5500 100.0000 50.4400 100.0000 66.6600 52.9400 60.0600 64.4700 67.0500 49.3300 61.5500 55.4900 67.3900 61.7100
155 0 1.7700 .8400 1.6600 6.5500 100.0000 50.4400 100.0000 66.6600 52.9400 60.0600 64.4700 67.0500 49.3300 61.5500 55.4900 67.3900 61.7100
156 0 1.7700 .8400 1.6600 6.5500 100.0000 50.4400 100.0000 66.6600 52.9400 60.0600 64.4700 67.0500 49.3300 61.5500 55.4900 67.3900 61.7100
157 0 1.7700 .8400 1.6600 6.5500 100.0000 50.4400 100.0000 66.6600 52.9400 60.0600 64.4700 67.0500 49.3300 61.5500 55.4900 67.3900 61.7100
158 0 1.7700 .8400 1.6600 6.5500 100.0000 50.4400 100.0000 66.6600 52.9400 60.0600 64.4700 67.0500 49.3300 61.5500 55.4900 67.3900 61.7100
159 0 1.7700 .8400 1.6600 6.5500 100.0000 50.4400 100.0000 66.6600 52.9400 60.0600 64.4700 67.0500 49.3300 61.5500 55.4900 67.3900 61.7100
160 0 1.7700 .8400 1.6600 6.5500 100.0000 50.4400 100.0000 66.6600 52.9400 60.0600 64.4700 67.0500 49.3300 61.5500 55.4900 67.3900 61.7100
161 0 1.7700 .8400 1.6600 6.5500 100.0000 50.4400 100.0000 66.6600 52.9400 60.0600 64.4700 67.0500 49.3300 61.5500 55.4900 67.3900 61.7100
162 0 1.7700 .8400 1.6600 6.5500 100.0000 50.4400 100.0000 66.6600 52.9400 60.0600 64.4700 67.0500 49.3300 61.5500 55.4900 67.3900 61.7100
163 0 1.7700 .8400 1.6600 6.5500 100.0000 50.4400 100.0000 66.6600 52.9400 60.0600 64.4700 67.0500 49.3300 61.5500 55.4900 67.3900 61.7100
164 0 1.7700 .8400 1.6600 6.5500 100.0000 50.4400 100.0000 66.6600 52.9400 60.0600 64.4700 67.0500 49.3300 61.5500 55.4900 67.3900 61.7100
165 0 1.7700 .8400 1.6600 6.5500 100.0000 50.4400 100.0000 66.6600 52.9400 60.0600 64.4700 67.0500 49.3300 61.5500 55.4900 67.3900 61.7100
167 0 1.7700 .8400 1.6600 6.5500 100.0000 50.4400 100.0000 66.6600 52.9400 60.0600 64.4700 67.0500 49.3300 61.5500 55.4900 67.3900 61.7100
168 0 1.7700 .8400 1.6600 6.5500 100.0000 50.4400 100.0000 66.6600 52.9400 60.0600 64.4700 67.0500 49.3300 61.5500 55.4900 67.3900 61.7100
170 0 1.7700 .8400 1.6600 6.5500 100.0000 50.4400 100.0000 66.6600 52.9400 60.0600 64.4700 67.0500 49.3300 61.5500 55.4900 67.3900 61.7100
171 0 1.7700 .8400 1.6600 6.5500 100.0000 50.4400 100.0000 66.6600 52.9400 60.0600 64.4700 67.0500 49.3300 61.5500 55.4900 67.3900 61.7100
172 0 1.7700 .8400 1.6600 6.5500 100.0000 50.4400 100.0000 66.6600 52.9400 60.0600 64.4700 67.0500 49.3300 61.5500 55.4900 67.3900 61.7100
173 0 1.7700 .8400 1.6600 6.5500 100.0000 50.4400 100.0000 66.6600 52.9400 60.0600 64.4700 67.0500 49.3300 61.5500 55.4900 67.3900 61.7100
174 0 1.7700 .8400 1.6600 6.5500 100.0000 50.4400 100.0000 66.6600 52.9400 60.0600 63.9400 67.0500 49.3300 61.5500 55.4900 67.3900 61.7100
175 0 1.7700 .8400 1.6600 6.5500 100.0000 50.4400 100.0000 66.6600 52.9400 60.0600 63.9400 67.0500 49.3300 61.5500 55.4900 67.3900 61.7100
176 0 1.7700 .8400 1.6600 6.5500 100.0000 50.4400 100.0000 66.6600 52.9400 60.0600 63.9400 67.0500 49.3300 61.5500 55.4900 67.3900 61.7100
177 0 1.7700 .8400 1.6600 6.5500 100.0000 50.4400 100.0000 66.6600 52.9400 60.0600 63.9400 67.0500 49.3300 61.5500 55.4900 67.3900 61.7100
178 0 1.7700 .8400 1.6600 6.5500 100.0000 50.4400 100.0000 66.6600 52.9400 60.0600 63.9400 67.0500 49.3300 61.5500 55.4900 67.3900 61.7100
179 0 1.7700 .8400 1.6600 6.5500 100.0000 50.4400 100.0000 66.6600 52.9400 60.0600 63.9400 67.0500 49.3300 61.5500 55.4900 67.3900 61.7100
180 0 1.7700 .8400 1.6600 6.5500 100.0000 50.4400 100.0000 66.6600 52.9400 60.0600 63.9400 67.0500 49.3300 61.5500 55.4900 67.3900 61.7100
181 0 1.7700 .8400 1.6600 6.5500 100.0000 50.4400 100.0000 66.6600 52.9400 60.0600 63.9400 67.0500 49.3300 61.5500 55.4900 67.3900 61.7100
182 0 1.7700 .8400 1.6600 6.5500 100.0000 50.4400 100.0000 66.6600 52.9400 60.0600 63.9400 67.0500 49.3300 61.5500 55.4900 67.3900 61.7100
183 0 1.7700 .8400 1.6600 6.5500 100.0000 50.4400 100.0000 66.6600 52.9400 60.0600 63.9400 67.0500 49.3300 61.5500 55.4900 67.3900 61.7100
185 0 1.7700 .8300 1.6600 6.5500 100.0000 50.4400 100.0000 66.6600 52.9400 60.0600 63.9400 67.0500 49.3300 61.5500 55.4900 67.3900 61.7100
187 0 1.7700 .8300 1.6600 6.5500 100.0000 50.4400 100.0000 66.6600 52.9400 60.0600 63.9400 67.0500 49.3300 61.5500 55.4900 67.3900 61.7100
188 0 1.7700 .8300 1.6600 6.5500 100.0000 50.4400 100.0000 66.6600 52.9400 60.0600 63.9400 67.0500 49.3300 61.5500 55.4900 67.3900 61.7100
189 0 1.7700 .8300 1.6600 6.5500 100.0000 50.4400 100.0000 66.6600 52.9400 60.0600 63.9400 67.0500 49.3300 61.5500 55.4900 67.3900 61.7100
190 0 1.7700 .8300 1.6600 6.5500 100.0000 50.4400 100.0000 66.6600 52.9400 60.0600 63.9400 67.0500 49.3300 61.5500 55.4900 67.3900 61.7100
192 0 1.7700 .8300 1.6600 6.5500 100.0000 50.4400 100.0000 66.6600 52.9400 60.0600 63.9400 67.0500 49.3300 61.5500 55.4900 67.3900 61.7100
193 0 1.7700 .8300 1.6600 6.5500 100.0000 50.4400 100.0000 66.6600 52.9400 60.0600 63.9400 67.0500 49.3300 61.5500 55.4900 67.3900 61.7100
194 0 1.7700 .8300 1.6600 6.5500 100.0000 50.4400 100.0000 66.6600 52.9400 60.0600 63.9400 67.0500 49.3300 61.5500 55.4900 67.3900 61.7100
195 0 1.7700 .8300 1.6600 6.5500 100.0000 50.4400 100.0000 66.6600 52.9400 60.0600 63.9400 67.0500 49.3300 61.5500 55.4900 67.3900 61.7100
196 0 1.7700 .8300 1.6600 6.5500 100.0000 50.4400 100.0000 66.6600 52.9400 60.0600 63.9400 67.0500 49.3300 61.5500 55.4900 67.3900 61.7100
197 0 1.7700 .8300 1.6600 6.5500 100.0000 50.4400 100.0000 66.6600 52.9400 60.0600 63.9400 67.0500 49.3300 61.5500 55.4900 67.3900 61.7100
198 0 1.7700 .8300 1.6600 6.5500 100.0000 50.4400 100.0000 66.6600 52.9400 60.0600 63.9400 67.0500 49.3300 61.5500 55.4900 67.3900 61.7100
199 0 1.7700 .8300 1.6600 6.5500 100.0000 50.4400 100.0000 66.6600 52.9400 60.0600 63.9400 67.0500 49.3300 61.5500 55.4900 67.3900 61.7100
200 0 1.7700 .8300 1.6600 6.5500 100.0000 50.4400 100.0000 66.6600 52.9400 60.0600 63.9400 67.0500 49.3300 59.7700 55.4900 67.3900 61.7100
201 0 1.7700 .8300 1.6600 6.5500 100.0000 50.4400 100.0000 66.6600 52.9400 60.0600 63.9400 67.0500 49.3300 59.7700 55.4900 67.3900 61.7100
202 0 1.7700 .8300 1.6600 6.5500 100.0000 50.4400 100.0000 66.6600 52.9400 60.0600 63.6700 67.0500 49.3300 59.7700 55.4900 67.3900 61.7100
203 0 1.7700 .8300 1.6600 6.5500 100.0000 50.4400 100.0000 66.6600 52.9400 60.0600 63.6700 67.0500 49.3300 59.7700 55.4900 67.3900 61.7100
204 0 1.7700 .8300 1.6600 6.5500 100.0000 50.4400 100.0000 66.6600 52.9400 60.0600 63.6700 67.0500 49.3300 59.7700 55.4900 67.3900 61.7100
205 0 1.7700 .8300 1.6600 6.5500 100.0000 50.4400 100.0000 66.6600 52.9400 60.0600 63.6700 67.0500 49.3300 59.7700 55.4900 67.3900 61.7100
206 0 1.7700 .8300 1.6600 6.5500 100.0000 50.4400 100.0000 66.6600 52.9400 60.0600 63.6700 67.0500 49.3300 59.7700 55.4900 67.3900 61.7100
207 0 1.7700 .8300 1.6600 6.5500 100.0000 50.4400 100.0000 66.6600 52.9400 60.0600 63.6700 67.0500 49.3300 59.7700 55.4900 67.3900 61.7100
208 0 1.7700 .8300 1.6600 6.5500 100.0000 50.4400 100.0000 66.6600 52.9400 60.0600 63.3100 67.0500 49.3300 59.7700 55.4900 67.3900 61.7100
209 0 1.7700 .8300 1.6600 6.5500 100.0000 50.4400 100.0000 66.6600 52.9400 60.0600 63.3100 67.0500 49.3300 59.7700 55.4900 67.3900 61.7100
210 0 1.7700 .8300 1.6600 6.5500 100.0000 50.4400 100.0000 66.6600 52.9400 60.0600 63.3100 67.0500 49.3300 59.7700 55.4900 67.3900 61.7100
211 0 1.7700 .8300 1.6600 6.5500 100.0000 50.4400 100.0000 66.6600 52.9400 60.0600 63.3100 67.0500 49.3300 59.7700 55.4900 67.3900 61.7100
212 0 1.7700 .8300 1.6600 6.5500 100.0000 50.4400 100.0000 66.6600 52.9400 60.0600 63.3100 67.0500 49.3300 59.7700 55.4900 67.3900 61.7100
213 0 1.7700 .8300 1.6600 6.5500 100.0000 50.4400 100.0000 66.6600 52.9400 60.0600 63.3100 67.0500 49.3300 59.7700 55.4900 67.3900 61.7100
214 0 1.7700 .8300 1.6600 6.5500 100.0000 50.4400 100.0000 66.6600 52.9400 60.0600 63.3100 67.0500 49.3300 59.7700 55.4900 67.3900 61.7100
215 0 1.7700 .8300 1.6600 6.5500 100.0000 50.4400 100.0000 66.6600 52.9400 60.0600 62.9700 67.0500 49.3300 59.7700 55.4900 67.3900 61.7100
216 0 1.7700 .8300 1.6600 6.5500 100.0000 50.4400 100.0000 66.6600 52.9400 60.0600 62.9700 67.0500 49.3300 59.7700 55.4900 67.3900 61.7100
217 0 1.7700 .8300 1.6600 6.5500 100.0000 50.4400 100.0000 66.6600 52.9400 60.0600 62.9700 67.0500 49.3300 59.7700 55.4900 67.3900 61.7100
218 0 1.7700 .8300 1.6600 6.5500 100.0000 50.4400 100.0000 66.6600 52.9400 60.0600 62.9700 67.0500 49.3300 59.7700 55.4900 67.3900 61.7100
219 0 1.7700 .8300 1.6600 6.5500 100.0000 50.4400 100.0000 66.6600 52.9400 60.0600 62.9700 67.0500 49.3300 59.7700 55.4900 67.3900 61.7100
220 0 1.7700 .8300 1.6600 6.5500 100.0000 50.4400 100.0000 66.6600 52.9400 60.0600 62.9700 67.0500 49.3300 58.1900 55.4900 67.3900 61.7100
222 0 1.7700 .8300 1.6600 6.5500 100.0000 50.4400 100.0000 66.6600 52.9400 60.0600 62.7000 67.0500 49.3300 58.1900 55.4900 67.3900 61.7100
223 0 1.7700 .8300 1.6600 6.5500 100.0000 50.4400 100.0000 66.6600 52.9400 60.0600 62.7000 67.0500 49.3300 58.1900 55.4900 67.3900 61.7100
224 0 1.7700 .8300 1.6600 6.5500 100.0000 50.4400 100.0000 66.6600 52.9400 60.0600 62.7000 67.0500 49.3300 58.1900 55.4900 67.3900 61.7100
225 0 1.7700 .8300 1.6600 6.5500 100.0000 50.4400 100.0000 66.6600 52.9400 60.0600 62.7000 67.0500 49.3300 58.1900 55.4900 67.3900 61.7100
226 0 1.7700 .8300 1.6600 6.5500 100.0000 50.4400 100.0000 66.6600 52.9400 60.0600 62.7000 67.0500 49.3300 58.1900 55.4900 67.3900 61.7100
227 0 1.7700 .8300 1.6600 6.5500 100.0000 50.4400 100.0000 66.6600 52.9400 60.0600 62.7000 67.0500 49.3300 58.1900 55.4900 67.3900 61.7100
228 0 1.7700 .8300 1.6600 6.5500 100.0000 50.4400 100.0000 66.6600 52.9400 60.0600 62.3700 67.0500 49.3300 58.1900 55.4900 67.3900 61.7100
229 0 1.7700 .8300 1.6600 6.5500 100.0000 50.4400 100.0000 66.6600 52.9400 60.0600 62.3700 67.0500 49.3300 58.1900 55.4900 67.3900 61.7100
231 0 1.7700 .8300 1.6600 6.5500 100.0000 50.4400 100.0000 66.6600 52.9400 60.0600 62.3700 67.0500 49.3300 58.1900 55.4900 67.3900 61.7100
232 0 1.7700 .8300 1.6600 6.5500 100.0000 50.4400 100.0000 66.6600 52.9400 60.0600 62.3700 67.0500 49.3300 58.1900 55.4900 67.3900 61.7100
233 0 1.7700 .8300 1.6600 6.5500 100.0000 50.4400 100.0000 66.6600 52.9400 60.0600 62.3700 67.0500 49.3300 58.1900 55.4900 67.3900 61.7100
234 0 1.7700 .8300 1.6600 6.5500 100.0000 50.4400 100.0000 66.6600 52.9400 60.0600 62.3700 67.0500 49.3300 58.1900 55.4900 67.3900 61.7100
235 0 1.7700 .8300 1.6600 6.5500 100.0000 50.4400 100.0000 66.6600 52.9400 60.0600 62.3700 67.0500 49.3300 58.1900 55.4900 67.3900 61.7100
236 0 1.7700 .8300 1.6600 6.5500 100.0000 50.4400 100.0000 66.6600 52.9400 60.0600 62.3700 67.0500 49.3300 58.1900 55.4900 67.3900 61.7100
237 0 1.7700 .8300 1.6600 6.5500 100.0000 50.4400 100.0000 66.6600 52.9400 60.0600 62.0600 67.0500 49.3300 58.1900 55.4900 67.3900 61.7100
238 0 1.7700 .8300 1.6600 6.5500 100.0000 50.4400 100.0000 66.6600 52.9400 60.0600 62.0600 67.0500 49.3300 58.1900 55.4900 67.3900 61.7100
239 0 1.7700 .8300 1.6600 6.5500 100.0000 50.4400 100.0000 66.6600 52.9400 60.0600 62.0600 67.0500 49.3300 58.1900 55.4900 67.3900 61.7100
240 0 1.7700 .8300 1.6600 6.5500 100.0000 50.4400 100.0000 66.6600 52.9400 60.0600 62.0600 67.0500 49.3300 58.1900 55.4900 67.3900 61.7100
242 0 1.7700 .8300 1.6600 6.5500 100.0000 50.4400 100.0000 66.6600 52.9400 60.0600 62.0600 67.0500 49.3300 58.1900 55.4900 67.3900 61.7100
243 0 1.7700 .8300 1.6600 6.5500 100.0000 50.4400 100.0000 66.6600 52.9400 60.0600 61.7200 67.0500 49.3300 58.1900 55.4900 67.3900 61.7100
244 0 1.7700 .8300 1.6600 6.5500 100.0000 50.4400 100.0000 66.6600 52.9400 60.0600 61.7200 67.0500 49.3300 58.1900 55.4900 67.3900 61.7100
246 0 1.7700 .8300 1.6600 6.5500 100.0000 50.4400 100.0000 66.6600 52.9400 60.0600 61.7200 67.0500 49.3300 58.1900 55.4900 67.3900 61.7100
247 0 1.7700 .8300 1.6600 6.5500 100.0000 50.4400 100.0000 66.6600 52.9400 60.0600 61.7200 67.0500 49.3300 58.1900 55.4900 67.3900 61.7100
250 0 1.7700 .8300 1.6600 6.5500 100.0000 50.4400 100.0000 66.6600 52.9400 60.0600 61.7200 67.0500 49.3300 58.1900 55.4900 67.3900 61.7100
251 0 1.7700 .8300 1.6600 6.5500 100.0000 50.4400 100.0000 66.6600 52.9400 60.0600 61.7200 67.0500 49.3300 58.1900 55.4900 67.3900 61.7100
252 0 1.7700 .8300 1.6600 6.5500 100.0000 50.4400 100.0000 66.6600 52.9400 60.0600 61.7200 67.0500 49.3300 58.1900 55.4900 67.3900 61.7100
253 0 1.7700 .8300 1.6600 6.5500 100.0000 50.4400 100.0000 66.6600 52.9400 60.0600 61.7200 67.0500 49.3300 57.2000 55.4900 67.3900 61.7100
254 0 1.7700 .8300 1.6600 6.5500 100.0000 50.4400 100.0000 66.6600 52.9400 60.0600 61.7200 67.0500 49.3300 57.2000 55.4900 67.3900 61.7100
255 0 1.7700 .8300 1.6600 6.5500 100.0000 50.4400 100.0000 66.6600 52.9400 60.0600 61.4500 67.0500 49.3300 57.2000 55.4900 67.3900 61.7100
256 0 1.7700 .8300 1.6600 6.5500 100.0000 50.4400 100.0000 66.6600 52.9400 60.0600 61.4500 67.0500 49.3300 57.2000 55.4900 67.3900 61.7100
257 0 1.7700 .8300 1.6600 6.5500 100.0000 50.4400 100.0000 66.6600 52.9400 60.0600 61.4500 67.0500 49.3300 57.2000 55.4900 67.3900 61.7100
259 0 1.7700 .8300 1.6600 6.5500 100.0000 50.4400 100.0000 66.6600 52.9400 60.0600 61.4500 67.0500 49.3300 57.2000 55.4900 67.3900 61.7100
260 0 1.7700 .8300 1.6600 6.5500 100.0000 50.4400 100.0000 66.6600 52.9400 60.0600 61.4500 67.0500 49.3300 57.2000 55.4900 67.3900 61.7100
261 0 1.7700 .8300 1.6600 6.5500 100.0000 50.4400 100.0000 66.6600 52.9400 60.0600 61.4500 67.0500 49.3300 57.2000 55.4900 67.3900 61.7100
262 0 1.7700 .8300 1.6600 6.5500 100.0000 50.4400 100.0000 66.6600 52.9400 60.0600 61.4500 67.0500 49.3300 57.2000 55.4900 67.3900 61.7100
264 0 1.7700 .8300 1.6600 6.5500 100.0000 50.4400 100.0000 66.6600 52.9400 60.0600 61.4500 67.0500 49.3300 57.2000 55.4900 67.3900 61.7100
266 0 1.7700 .8300 1.6600 6.5500 100.0000 50.4400 100.0000 66.6600 52.9400 60.0600 61.4500 67.0500 49.3300 57.2000 55.4900 67.3900 61.7100
268 0 1.7700 .8300 1.6600 6.5500 100.0000 50.4400 100.0000 66.6600 52.9400 60.0600 61.4500 67.0500 49.3300 57.2000 55.4900 67.3900 61.7100
269 0 1.7700 .8300 1.6600 6.5500 100.0000 50.4400 100.0000 66.6600 52.9400 60.0600 61.4500 67.0500 49.3300 57.2000 55.4900 67.3900 61.7100
271 0 1.7700 .8300 1.6600 6.5500 100.0000 50.4400 100.0000 66.6600 52.9400 60.0600 61.4500 67.0500 49.3300 57.2000 55.4900 67.3900 61.7100
272 0 1.7700 .8300 1.6600 6.5500 100.0000 50.4400 100.0000 66.6600 52.9400 60.0600 61.4500 67.0500 49.3300 57.2000 55.4900 67.3900 61.7100
274 0 1.7700 .8300 1.6600 6.5500 100.0000 50.4400 100.0000 66.6600 52.9400 60.0600 61.4500 67.0500 49.3300 57.2000 55.4900 67.3900 61.7100
275 0 1.7700 .8300 1.6600 6.5500 100.0000 50.4400 100.0000 66.6600 52.9400 60.0600 61.4500 67.0500 49.3300 57.2000 55.4900 67.3900 61.7100
276 0 1.7700 .8300 1.6600 6.5500 100.0000 50.4400 100.0000 66.6600 52.9400 60.0600 61.4500 67.0500 49.3300 57.2000 55.4900 67.3900 61.7100
277 0 1.7700 .8300 1.6600 6.5500 100.0000 50.4400 100.0000 66.6600 52.9400 60.0600 61.4500 67.0500 49.3300 57.2000 55.4900 67.3900 61.7100
278 0 1.7700 .8300 1.6600 6.5500 100.0000 50.4400 100.0000 66.6600 52.9400 60.0600 61.4500 67.0500 49.3300 57.2000 55.4900 67.3900 61.7100
279 0 1.7700 .8300 1.6600 6.5500 100.0000 50.4400 100.0000 66.6600 52.9400 60.0600 61.4500 67.0500 49.3300 57.2000 55.4900 67.3900 61.7100
280 0 1.7700 .8300 1.6600 6.5500 100.0000 50.4400 100.0000 66.6600 52.9400 60.0600 61.4500 67.0500 49.3300 57.2000 55.4900 67.3900 61.7100
281 0 1.7700 .8300 1.6600 6.5500 100.0000 50.4400 100.0000 66.6600 52.9400 60.0600 61.4500 67.0500 49.3300 57.2000 55.4900 67.3900 61.7100
282 0 1.7700 .8300 1.6600 6.5500 100.0000 50.4400 100.0000 66.6600 52.9400 60.0600 61.4500 67.0500 49.3300 57.2000 55.4900 67.3900 61.7100
284 0 1.7700 .8300 1.6600 6.5500 100.0000 50.4400 100.0000 66.6600 52.9400 60.0600 61.4500 67.0500 49.3300 57.2000 55.4900 67.3900 61.7100
285 0 1.7700 .8300 1.6600 6.5500 100.0000 50.4400 100.0000 66.6600 52.9400 60.0600 61.4500 67.0500 49.3300 57.2000 55.4900 67.3900 61.7100
287 0 1.7700 .8300 1.6600 6.5500 100.0000 50.4400 100.0000 66.6600 52.9400 60.0600 61.4500 67.0500 49.3300 56.2900 55.4900 67.3900 61.7100
288 0 1.7700 .8300 1.6600 6.5500 100.0000 50.4400 100.0000 66.6600 52.9400 60.0600 61.4500 67.0500 49.3300 56.2900 55.4900 67.3900 61.7100
289 0 1.7700 .8300 1.6600 6.5500 100.0000 50.4400 100.0000 66.6600 52.9400 60.0600 61.4500 67.0500 49.3300 56.2900 55.4900 67.3900 61.7100
290 0 1.7700 .8300 1.6600 6.5500 100.0000 50.4400 100.0000 66.6600 52.9400 60.0600 61.4500 67.0500 49.3300 56.2900 55.4900 67.3900 61.7100
291 0 1.7700 .8300 1.6600 6.5500 100.0000 50.4400 100.0000 66.6600 52.9400 60.0600 61.4500 67.0500 49.3300 56.2900 55.4900 67.3900 61.7100
292 0 1.7700 .8300 1.6600 6.5500 100.0000 50.4400 100.0000 66.6600 52.9400 60.0600 61.4500 67.0500 49.3300 56.2900 55.4900 67.3900 61.7100
295 0 1.7700 .8300 1.6600 6.5500 100.0000 50.4400 100.0000 66.6600 52.9400 60.0600 61.4500 67.0500 49.3300 56.2900 55.4900 67.3900 61.7100
296 0 1.7700 .8300 1.6600 6.5500 100.0000 50.4400 100.0000 66.6600 52.9400 60.0600 61.4500 67.0500 49.3300 56.2900 55.4900 67.3900 61.7100
297 0 1.7700 .8300 1.6600 6.5500 100.0000 50.4400 100.0000 66.6600 52.9400 60.0600 61.4500 67.0500 49.3300 56.2900 55.4900 67.3900 61.7100
298 0 1.7700 .8300 1.6600 6.5500 100.0000 50.4400 100.0000 66.6600 52.9400 60.0600 61.4500 67.0500 49.3300 56.2900 55.4900 67.3900 61.7100
299 0 1.7700 .8300 1.6600 6.5500 100.0000 50.4400 100.0000 66.6600 52.9400 60.0600 61.4500 67.0500 49.3300 56.2900 55.4900 67.3900 61.7100
300 0 1.7700 .8300 1.6600 6.5500 100.0000 50.4400 100.0000 66.6600 52.9400 60.0600 61.4500 67.0500 49.3300 56.2900 55.4900 67.3900 61.7100
301 0 1.7700 .8300 1.6600 6.5500 100.0000 50.4400 100.0000 66.6600 52.9400 60.0600 61.4500 67.0500 49.3300 56.2900 55.4900 67.3900 61.7100
303 0 1.7700 .8300 1.6600 6.5500 100.0000 50.4400 100.0000 66.6600 52.9400 60.0600 61.4500 67.0500 49.3300 56.2900 55.4900 67.3900 61.7100
304 0 1.7700 .8300 1.6600 6.5500 100.0000 50.4400 100.0000 66.6600 52.9400 60.0600 61.4500 67.0500 49.3300 56.2900 55.4900 67.3900 61.7100
305 0 1.7700 .8300 1.6600 6.5500 100.0000 50.4400 100.0000 66.6600 52.9400 60.0600 61.4500 67.0500 49.3300 56.2900 55.4900 67.3900 61.7100
308 0 1.7700 .8300 1.6600 6.5500 100.0000 50.4400 100.0000 66.6600 52.9400 60.0600 61.4500 67.0500 49.3300 56.2900 55.4900 67.3900 61.7100
309 0 1.7700 .8300 1.6600 6.5500 100.0000 50.4400 100.0000 66.6600 52.9400 60.0600 61.4500 67.0500 49.3300 56.2900 55.4900 67.3900 61.7100
310 0 1.7700 .8300 1.6600 6.5500 100.0000 50.4400 100.0000 66.6600 52.9400 60.0600 61.4500 67.0500 49.3300 56.2900 55.4900 67.3900 61.7100
311 0 1.7700 .8300 1.6600 6.5500 100.0000 50.4400 100.0000 66.6600 52.9400 60.0600 61.4500 67.0500 49.3300 56.2900 55.4900 67.3900 61.7100
312 0 1.7700 .8300 1.6600 6.5500 100.0000 50.4400 100.0000 66.6600 52.9400 60.0600 61.4500 67.0500 49.3300 56.2900 55.4900 67.3900 61.7100
313 0 1.7700 .8300 1.6600 6.5500 100.0000 50.4400 100.0000 66.6600 52.9400 60.0600 61.4500 67.0500 49.3300 56.2900 55.4900 67.3900 61.7100
314 0 1.7700 .8300 1.6600 6.5500 100.0000 50.4400 100.0000 66.6600 52.9400 60.0600 61.4500 67.0500 49.3300 56.2900 55.4900 67.3900 61.7100
315 0 1.7700 .8300 1.6600 6.5500 100.0000 50.4400 100.0000 66.6600 52.9400 60.0600 61.4500 67.0500 49.3300 56.2900 55.4900 67.3900 61.7100
316 0 1.7700 .8300 1.6600 6.5500 100.0000 50.4400 100.0000 66.6600 52.9400 60.0600 61.4500 67.0500 49.3300 56.2900 55.4900 67.3900 61.7100
319 0 1.7700 .8300 1.6600 6.5500 100.0000 50.4400 100.0000 66.6600 52.9400 60.0600 61.4500 67.0500 49.3300 56.2900 55.4900 67.3900 61.7100
320 0 1.7700 .8300 1.6600 6.5500 100.0000 50.4400 100.0000 66.6600 52.9400 60.0600 61.4500 67.0500 49.3300 56.2900 55.4900 67.3900 61.7100
321 0 1.7700 .8300 1.6600 6.5500 100.0000 50.4400 100.0000 66.6600 52.9400 60.0600 61.4500 67.0500 49.3300 56.2900 55.4900 67.3900 61.7100
322 0 1.7700 .8300 1.6600 6.5500 100.0000 50.4400 100.0000 66.6600 52.9400 60.0600 61.4500 67.0500 49.3300 55.5400 55.4900 67.3900 61.7100
323 0 1.7700 .8300 1.6600 6.5500 100.0000 50.4400 100.0000 66.6600 52.9400 60.0600 61.4500 67.0500 49.3300 55.5400 55.4900 67.3900 61.7100
325 0 1.7700 .8300 1.6600 6.5500 100.0000 50.4400 100.0000 66.6600 52.9400 60.0600 61.4500 67.0500 49.3300 55.5400 55.4900 67.3900 61.7100
326 0 1.7700 .8300 1.6600 6.5500 100.0000 50.4400 100.0000 66.6600 52.9400 60.0600 61.4500 67.0500 49.3300 55.5400 55.4900 67.3900 61.7100
327 0 1.7700 .8300 1.6600 6.5500 100.0000 50.4400 100.0000 66.6600 52.9400 60.0600 61.4500 67.0500 49.3300 55.5400 55.4900 67.3900 61.7100
328 0 1.7700 .8300 1.6600 6.5500 100.0000 50.4400 100.0000 66.6600 52.9400 60.0600 61.4500 67.0500 49.3300 55.5400 55.4900 67.3900 61.7100
329 0 1.7700 .8300 1.6600 6.5500 100.0000 50.4400 100.0000 66.6600 52.9400 60.0600 61.4500 67.0500 49.3300 55.5400 55.4900 67.3900 61.7100
331 0 1.7700 .8300 1.6600 6.5500 100.0000 50.4400 100.0000 66.6600 52.9400 60.0600 61.4500 67.0500 49.3300 55.5400 55.4900 67.3900 61.7100
332 0 1.7700 .8300 1.6600 6.5500 100.0000 50.4400 100.0000 66.6600 52.9400 60.0600 61.4500 67.0500 49.3300 55.5400 55.4900 67.3900 61.7100
334 0 1.7700 .8300 1.6600 6.5500 100.0000 50.4400 100.0000 66.6600 52.9400 60.0600 61.4500 67.0500 49.3300 55.5400 55.4900 67.3900 61.7100
336 0 1.7700 .8300 1.6600 6.5500 100.0000 50.4400 100.0000 66.6600 52.9400 60.0600 61.4500 67.0500 49.3300 55.5400 55.4900 67.3900 61.7100
337 0 1.7700 .8300 1.6600 6.5500 100.0000 50.4400 100.0000 66.6600 52.9400 60.0600 61.4500 67.0500 49.3300 55.5400 55.4900 67.3900 61.7100
339 0 1.7700 .8300 1.6600 6.5500 100.0000 50.4400 100.0000 66.6600 52.9400 60.0600 61.4500 67.0500 49.3300 55.5400 55.4900 67.3900 61.7100
341 0 1.7700 .8300 1.6600 6.5500 100.0000 50.4400 100.0000 66.6600 52.9400 60.0600 61.4500 67.0500 49.3300 55.5400 55.4900 67.3900 61.7100
342 0 1.7700 .8300 1.6600 6.5500 100.0000 50.4400 100.0000 66.6600 52.9400 60.0600 61.4500 67.0500 49.3300 55.5400 55.4900 67.3900 61.7100
344 0 1.7700 .8300 1.6600 6.5500 100.0000 50.4400 100.0000 66.6600 52.9400 60.0600 61.4500 67.0500 49.3300 55.5400 55.4900 67.3900 61.7100
347 0 1.7700 .8300 1.6600 6.5500 100.0000 50.4400 100.0000 66.6600 52.9400 60.0600 61.4500 67.0500 49.3300 55.5400 55.4900 67.3900 61.7100
349 0 1.7700 .8300 1.6600 6.5500 100.0000 50.4400 100.0000 66.6600 52.9400 60.0600 61.4500 67.0500 49.3300 55.5400 55.4900 67.3900 61.7100
350 0 1.7700 .8300 1.6600 6.5500 100.0000 50.4400 100.0000 66.6600 52.9400 60.0600 61.4500 67.0500 49.3300 55.5400 55.4900 67.3900 61.7100
353 0 1.7700 .8300 1.6600 6.5500 100.0000 50.4400 100.0000 66.6600 52.9400 60.0600 61.4500 67.0500 49.3300 55.5400 55.4900 67.3900 61.7100
354 0 1.7700 .8300 1.6600 6.5500 100.0000 50.4400 100.0000 66.6600 52.9400 60.0600 61.4500 67.0500 49.3300 55.5400 55.4900 67.3900 61.7100
355 0 1.7700 .8300 1.6600 6.5500 100.0000 50.4400 100.0000 66.6600 52.9400 60.0600 61.4500 67.0500 49.3300 55.5400 55.4900 67.3900 61.7100
358 0 1.7700 .8300 1.6600 6.5500 100.0000 50.4400 100.0000 66.6600 52.9400 60.0600 61.4500 67.0500 49.3300 55.5400 55.4900 67.3900 61.7100
359 0 1.7700 .8300 1.6600 6.5500 100.0000 50.4400 100.0000 66.6600 52.9400 60.0600 61.4500 67.0500 49.3300 55.5400 55.4900 67.3900 61.7100
361 0 1.7700 .8300 1.6600 6.5500 100.0000 50.4400 100.0000 66.6600 52.9400 60.0600 61.4500 67.0500 49.3300 55.5400 55.4900 67.3900 61.7100
362 0 1.7700 .8300 1.6600 6.5500 100.0000 50.4400 100.0000 66.6600 52.9400 60.0600 61.4500 67.0500 49.3300 55.5400 55.4900 67.3900 61.7100
363 0 1.7700 .8300 1.6600 6.5500 100.0000 50.4400 100.0000 66.6600 52.9400 60.0600 61.4500 67.0500 49.3300 55.5400 55.4900 67.3900 61.7100
364 0 1.7700 .8300 1.6600 6.5500 100.0000 50.4400 100.0000 66.6600 52.9400 60.0600 61.4500 67.0500 49.3300 55.5400 55.4900 67.3900 61.7100
365 0 1.7700 .8300 1.6600 6.5500 100.0000 50.4400 100.0000 66.6600 52.9400 60.0600 61.4500 67.0500 49.3300 55.5400 55.4900 67.3900 61.7100
366 0 1.7700 .8300 1.6600 6.5500 100.0000 50.4400 100.0000 66.6600 52.9400 60.0600 61.4500 67.0500 49.3300 55.5400 55.4900 67.3900 61.7100
367 0 1.7700 .8300 1.6600 6.5500 100.0000 50.4400 100.0000 66.6600 52.9400 60.0600 61.4500 67.0500 49.3300 54.8200 55.4900 67.3900 61.7100
368 0 1.7700 .8300 1.6600 6.5500 100.0000 50.4400 100.0000 66.6600 52.9400 60.0600 61.4500 67.0500 49.3300 54.8200 55.4900 67.3900 61.7100
369 0 1.7700 .8300 1.6600 6.5500 100.0000 50.4400 100.0000 66.6600 52.9400 60.0600 61.4500 67.0500 49.3300 54.8200 55.4900 67.3900 61.7100
371 0 1.7700 .8300 1.6600 6.5500 100.0000 50.4400 100.0000 66.6600 52.9400 60.0600 61.4500 67.0500 49.3300 54.8200 55.4900 67.3900 61.7100
372 0 1.7700 .8300 1.6600 6.5500 100.0000 50.4400 100.0000 66.6600 52.9400 60.0600 61.4500 67.0500 49.3300 54.8200 55.4900 67.3900 61.7100
374 0 1.7700 .8300 1.6600 6.5500 100.0000 50.4400 100.0000 66.6600 52.9400 60.0600 61.4500 67.0500 49.3300 54.8200 55.4900 67.3900 61.7100
376 0 1.7700 .8300 1.6600 6.5500 100.0000 50.4400 100.0000 66.6600 52.9400 60.0600 61.4500 67.0500 49.3300 54.8200 55.4900 67.3900 61.7100
377 0 1.7700 .8300 1.6600 6.5500 100.0000 50.4400 100.0000 66.6600 52.9400 60.0600 61.4500 67.0500 49.3300 54.8200 55.4900 67.3900 61.7100
379 0 1.7700 .8300 1.6600 6.5500 100.0000 50.4400 100.0000 66.6600 52.9400 60.0600 61.4500 67.0500 49.3300 54.8200 55.4900 67.3900 61.7100
381 0 1.7700 .8300 1.6600 6.5500 100.0000 50.4400 100.0000 66.6600 52.9400 60.0600 61.4500 67.0500 49.3300 54.8200 55.4900 67.3900 61.7100
382 0 1.7700 .8300 1.6600 6.5500 100.0000 50.4400 100.0000 66.6600 52.9400 60.0600 61.4500 67.0500 49.3300 54.8200 55.4900 67.3900 61.7100
383 0 1.7700 .8300 1.6600 6.5500 100.0000 50.4400 100.0000 66.6600 52.9400 60.0600 61.4500 67.0500 49.3300 54.8200 55.4900 67.3900 61.7100
384 0 1.7700 .8300 1.6600 6.5500 100.0000 50.4400 100.0000 66.6600 52.9400 60.0600 61.4500 67.0500 49.3300 54.8200 55.4900 67.3900 61.7100
385 0 1.7700 .8300 1.6600 6.5500 100.0000 50.4400 100.0000 66.6600 52.9400 60.0600 61.4500 67.0500 49.3300 54.8200 55.4900 67.3900 61.7100
387 0 1.7700 .8300 1.6600 6.5500 100.0000 50.4400 100.0000 66.6600 52.9400 60.0600 61.4500 67.0500 49.3300 54.8200 55.4900 67.3900 61.7100
388 0 1.7700 .8300 1.6600 6.5500 100.0000 50.4400 100.0000 66.6600 52.9400 60.0600 61.4500 67.0500 49.3300 54.8200 55.4900 67.3900 61.7100
389 0 1.7700 .8300 1.6600 6.5500 100.0000 50.4400 100.0000 66.6600 52.9400 60.0600 61.4500 67.0500 49.3300 54.8200 55.4900 67.3900 61.7100
390 0 1.7700 .8300 1.6600 6.5500 100.0000 50.4400 100.0000 66.6600 52.9400 60.0600 61.4500 67.0500 49.3300 54.8200 55.4900 67.3900 61.7100
391 0 1.7700 .8300 1.6600 6.5500 100.0000 50.4400 100.0000 66.6600 52.9400 60.0600 61.4500 67.0500 49.3300 54.8200 55.4900 67.3900 61.7100
393 0 1.7700 .8300 1.6600 6.5500 100.0000 50.4400 100.0000 66.6600 52.9400 60.0600 61.4500 67.0500 49.3300 54.8200 55.4900 67.3900 61.7100
394 0 1.7700 .8300 1.6600 6.5500 100.0000 50.4400 100.0000 66.6600 52.9400 60.0600 61.4500 67.0500 49.3300 54.8200 55.4900 67.3900 61.7100
395 0 1.7700 .8300 1.6600 6.5500 100.0000 50.4400 100.0000 66.6600 52.9400 60.0600 61.4500 67.0500 49.3300 54.8200 55.4900 67.3900 61.7100
397 0 1.7700 .8300 1.6600 6.5500 100.0000 50.4400 100.0000 66.6600 52.9400 60.0600 61.4500 67.0500 49.3300 54.8200 55.4900 67.3900 61.7100
398 0 1.7700 .8300 1.6600 6.5500 100.0000 50.4400 100.0000 66.6600 52.9400 60.0600 61.4500 67.0500 49.3300 54.8200 55.4900 67.3900 61.7100
399 0 1.7700 .8300 1.6600 6.5500 100.0000 50.4400 100.0000 66.6600 52.9400 60.0600 61.4500 67.0500 49.3300 54.8200 55.4900 67.3900 61.7100
401 0 1.7700 .8300 1.6600 6.5500 100.0000 50.4400 100.0000 66.6600 52.9400 60.0600 61.4500 67.0500 49.3300 54.5100 55.4900 67.3900 61.7100
402 0 1.7700 .8300 1.6600 6.5500 100.0000 50.4400 100.0000 66.6600 52.9400 60.0600 61.4500 67.0500 49.3300 54.5100 55.4900 67.3900 61.7100
404 0 1.7700 .8300 1.6600 6.5500 100.0000 50.4400 100.0000 66.6600 52.9400 60.0600 61.4500 67.0500 49.3300 54.5100 55.4900 67.3900 61.7100
407 0 1.7700 .8300 1.6600 6.5500 100.0000 50.4400 100.0000 66.6600 52.9400 60.0600 61.4500 67.0500 49.3300 54.5100 55.4900 67.3900 61.7100
408 0 1.7700 .8300 1.6600 6.5500 100.0000 50.4400 100.0000 66.6600 52.9400 60.0600 61.4500 67.0500 49.3300 54.5100 55.4900 67.3900 61.7100
409 0 1.7700 .8300 1.6600 6.5500 100.0000 50.4400 100.0000 66.6600 52.9400 60.0600 61.4500 67.0500 49.3300 54.5100 55.4900 67.3900 61.7100
410 0 1.7700 .8300 1.6600 6.5500 100.0000 50.4400 100.0000 66.6600 52.9400 60.0600 61.4500 67.0500 49.3300 54.5100 55.4900 67.3900 61.7100
415 0 1.7700 .8300 1.6600 6.5500 100.0000 50.4400 100.0000 66.6600 52.9400 60.0600 61.4500 67.0500 49.3300 54.5100 55.4900 67.3900 61.7100
416 0 1.7700 .8300 1.6600 6.5500 100.0000 50.4400 100.0000 66.6600 52.9400 60.0600 61.4500 67.0500 49.3300 54.5100 55.4900 67.3900 61.7100
420 0 1.7700 .8300 1.6600 6.5500 100.0000 50.4400 100.0000 66.6600 52.9400 60.0600 61.4500 67.0500 49.3300 54.5100 55.4900 67.3900 61.7100
421 0 1.7700 .8300 1.6600 6.5500 100.0000 50.4400 100.0000 66.6600 52.9400 60.0600 61.4500 67.0500 49.3300 54.5100 55.4900 67.3900 61.7100
422 0 1.7700 .8300 1.6600 6.5500 100.0000 50.4400 100.0000 66.6600 52.9400 60.0600 61.4500 67.0500 49.3300 54.5100 55.4900 67.3900 61.7100
424 0 1.7700 .8300 1.6600 6.5500 100.0000 50.4400 100.0000 66.6600 52.9400 60.0600 61.4500 67.0500 49.3300 54.5100 55.4900 67.3900 61.7100
426 0 1.7700 .8300 1.6600 6.5500 100.0000 50.4400 100.0000 66.6600 52.9400 60.0600 61.4500 67.0500 49.3300 54.5100 55.4900 67.3900 61.7100
430 0 1.7700 .8300 1.6600 6.5500 100.0000 50.4400 100.0000 66.6600 52.9400 60.0600 61.4500 67.0500 49.3300 54.5100 55.4900 67.3900 61.7100
431 0 1.7700 .8300 1.6600 6.5500 100.0000 50.4400 100.0000 66.6600 52.9400 60.0600 61.4500 67.0500 49.3300 54.5100 55.4900 67.3900 61.7100
432 0 1.7700 .8300 1.6600 6.5500 100.0000 50.4400 100.0000 66.6600 52.9400 60.0600 61.4500 67.0500 49.3300 54.5100 55.4900 67.3900 61.7100
433 0 1.7700 .8300 1.6600 6.5500 100.0000 50.4400 100.0000 66.6600 52.9400 60.0600 61.4500 67.0500 49.3300 54.5100 55.4900 67.3900 61.7100
434 0 1.7700 .8300 1.6600 6.5500 100.0000 50.4400 100.0000 66.6600 52.9400 60.0600 61.4500 67.0500 49.3300 54.5100 55.4900 67.3900 61.7100
436 0 1.7700 .8300 1.6600 6.5500 100.0000 50.4400 100.0000 66.6600 52.9400 60.0600 61.4500 67.0500 49.3300 54.5100 55.4900 67.3900 61.7100
437 0 1.7700 .8300 1.6600 6.5500 100.0000 50.4400 100.0000 66.6600 52.9400 60.0600 61.4500 67.0500 49.3300 54.5100 55.4900 67.3900 61.7100
439 0 1.7700 .8300 1.6600 6.5500 100.0000 50.4400 100.0000 66.6600 52.9400 60.0600 61.4500 67.0500 49.3300 54.5100 55.4900 67.3900 61.7100
440 0 1.7700 .8300 1.6600 6.5500 100.0000 50.4400 100.0000 66.6600 52.9400 60.0600 61.4500 67.0500 49.3300 54.5100 55.4900 67.3900 61.7100
441 0 1.7700 .8300 1.6600 6.5500 100.0000 50.4400 100.0000 66.6600 52.9400 60.0600 61.4500 67.0500 49.3300 54.5100 55.4900 67.3900 61.7100
442 0 1.7700 .8300 1.6600 6.5500 100.0000 50.4400 100.0000 66.6600 52.9400 60.0600 61.4500 67.0500 49.3300 54.5100 55.4900 67.3900 61.7100
444 0 1.7700 .8300 1.6600 6.5500 100.0000 50.4400 100.0000 66.6600 52.9400 60.0600 61.4500 67.0500 49.3300 53.9700 55.4900 67.3900 61.7100
446 0 1.7700 .8300 1.6600 6.5500 100.0000 50.4400 100.0000 66.6600 52.9400 60.0600 61.4500 67.0500 49.3300 53.9700 55.4900 67.3900 61.7100
447 0 1.7700 .8300 1.6600 6.5500 100.0000 50.4400 100.0000 66.6600 52.9400 60.0600 61.4500 67.0500 49.3300 53.9700 55.4900 67.3900 61.7100
448 0 1.7700 .8300 1.6600 6.5500 100.0000 50.4400 100.0000 66.6600 52.9400 60.0600 61.4500 67.0500 49.3300 53.9700 55.4900 67.3900 61.7100
450 0 1.7700 .8300 1.6600 6.5500 100.0000 50.4400 100.0000 66.6600 52.9400 60.0600 61.4500 67.0500 49.3300 53.9700 55.4900 67.3900 61.7100
454 0 1.7700 .8300 1.6600 6.5500 100.0000 50.4400 100.0000 66.6600 52.9400 60.0600 61.4500 67.0500 49.3300 53.9700 55.4900 67.3900 61.7100
456 0 1.7700 .8300 1.6600 6.5500 100.0000 50.4400 100.0000 66.6600 52.9400 60.0600 61.4500 67.0500 49.3300 53.9700 55.4900 67.3900 61.7100
458 0 1.7700 .8300 1.6600 6.5500 100.0000 50.4400 100.0000 66.6600 52.9400 60.0600 61.4500 67.0500 49.3300 53.9700 55.4900 67.3900 61.7100
460 0 1.7700 .8300 1.6600 6.5500 100.0000 50.4400 100.0000 66.6600 52.9400 60.0600 61.4500 67.0500 49.3300 53.9700 55.4900 67.3900 61.7100
461 0 1.7700 .8300 1.6600 6.5500 100.0000 50.4400 100.0000 66.6600 52.9400 60.0600 61.4500 67.0500 49.3300 53.9700 55.4900 67.3900 61.7100
469 0 1.7700 .8300 1.6600 6.5500 100.0000 50.4400 100.0000 66.6600 52.9400 60.0600 61.4500 67.0500 49.3300 53.9700 55.4900 67.3900 61.7100
470 0 1.7700 .8300 1.6600 6.5500 100.0000 50.4400 100.0000 66.6600 52.9400 60.0600 61.4500 67.0500 49.3300 53.9700 55.4900 67.3900 61.7100
472 0 1.7700 .8300 1.6600 6.5500 100.0000 50.4400 100.0000 66.6600 52.9400 60.0600 61.4500 67.0500 49.3300 53.9700 55.4900 67.3900 61.7100
476 0 1.7700 .8300 1.6600 6.5500 100.0000 50.4400 100.0000 66.6600 52.9400 60.0600 61.4500 67.0500 49.3300 53.9700 55.4900 67.3900 61.7100
477 0 1.7700 .8300 1.6600 6.5500 100.0000 50.4400 100.0000 66.6600 52.9400 60.0600 61.4500 67.0500 49.3300 53.9700 55.4900 67.3900 61.7100
478 0 1.7700 .8300 1.6600 6.5500 100.0000 50.4400 100.0000 66.6600 52.9400 60.0600 61.4500 67.0500 49.3300 53.9700 55.4900 67.3900 61.7100
480 0 1.7700 .8300 1.6600 6.5500 100.0000 50.4400 100.0000 66.6600 52.9400 60.0600 61.4500 67.0500 49.3300 53.9700 55.4900 67.3900 61.7100
481 0 1.7700 .8300 1.6600 6.5500 100.0000 50.4400 100.0000 66.6600 52.9400 60.0600 61.4500 67.0500 49.3300 53.9700 55.4900 67.3900 61.7100
482 0 1.7700 .8300 1.6600 6.5500 100.0000 50.4400 100.0000 66.6600 52.9400 60.0600 61.4500 67.0500 49.3300 53.9700 55.4900 67.3900 61.7100
483 0 1.7700 .8300 1.6600 6.5500 100.0000 50.4400 100.0000 66.6600 52.9400 60.0600 61.4500 67.0500 49.3300 53.9700 55.4900 67.3900 61.7100
484 0 1.7700 .8300 1.6600 6.5500 100.0000 50.4400 100.0000 66.6600 52.9400 60.0600 61.4500 67.0500 49.3300 53.9700 55.4900 67.3900 61.7100
485 0 1.7700 .8300 1.6600 6.5500 100.0000 50.4400 100.0000 66.6600 52.9400 60.0600 61.4500 67.0500 49.3300 53.4700 55.4900 67.3900 61.7100
487 0 1.7700 .8300 1.6600 6.5500 100.0000 50.4400 100.0000 66.6600 52.9400 60.0600 61.4500 67.0500 49.3300 53.4700 55.4900 67.3900 61.7100
488 0 1.7700 .8300 1.6600 6.5500 100.0000 50.4400 100.0000 66.6600 52.9400 60.0600 61.4500 67.0500 49.3300 53.4700 55.4900 67.3900 61.7100
489 0 1.7700 .8300 1.6600 6.5500 100.0000 50.4400 100.0000 66.6600 52.9400 60.0600 61.4500 67.0500 49.3300 53.4700 55.4900 67.3900 61.7100
492 0 1.7700 .8300 1.6600 6.5500 100.0000 50.4400 100.0000 66.6600 52.9400 60.0600 61.4500 67.0500 49.3300 53.4700 55.4900 67.3900 61.7100
497 0 1.7700 .8300 1.6600 6.5500 100.0000 50.4400 100.0000 66.6600 52.9400 60.0600 61.4500 67.0500 49.3300 53.4700 55.4900 67.3900 61.7100
499 0 1.7700 .8300 1.6600 6.5500 100.0000 50.4400 100.0000 66.6600 52.9400 60.0600 61.4500 67.0500 49.3300 53.4700 55.4900 67.3900 61.7100
500 0 1.7700 .8300 1.6600 6.5500 100.0000 50.4400 100.0000 66.6600 52.9400 60.0600 61.4500 67.0500 49.3300 53.4700 55.4900 67.3900 61.7100
502 0 1.7700 .8300 1.6600 6.5500 100.0000 50.4400 100.0000 66.6600 52.9400 60.0600 61.4500 67.0500 49.3300 53.4700 55.4900 67.3900 61.7100
503 0 1.7700 .8300 1.6600 6.5500 100.0000 50.4400 100.0000 66.6600 52.9400 60.0600 61.4500 67.0500 49.3300 53.4700 55.4900 67.3900 61.7100
504 0 1.7700 .8300 1.6600 6.5500 100.0000 50.4400 100.0000 66.6600 52.9400 60.0600 61.4500 67.0500 49.3300 53.4700 55.4900 67.3900 61.7100
505 0 1.7700 .8300 1.6600 6.5500 100.0000 50.4400 100.0000 66.6600 52.9400 60.0600 61.4500 67.0500 49.3300 53.4700 55.4900 67.3900 61.7100
507 0 1.7700 .8300 1.6600 6.5500 100.0000 50.4400 100.0000 66.6600 52.9400 60.0600 61.4500 67.0500 49.3300 53.4700 55.4900 67.3900 61.7100
514 0 1.7700 .8300 1.6600 6.5500 100.0000 50.4400 100.0000 66.6600 52.9400 60.0600 61.4500 67.0500 49.3300 53.4700 55.4900 67.3900 61.7100
516 0 1.7700 .8300 1.6600 6.5500 100.0000 50.4400 100.0000 66.6600 52.9400 60.0600 61.4500 67.0500 49.3300 53.4700 55.4900 67.3900 61.7100
517 0 1.7700 .8300 1.6600 6.5500 100.0000 50.4400 100.0000 66.6600 52.9400 60.0600 61.4500 67.0500 49.3300 53.4700 55.4900 67.3900 61.7100
520 0 1.7700 .8300 1.6600 6.5500 100.0000 50.4400 100.0000 66.6600 52.9400 60.0600 61.4500 67.0500 49.3300 53.4700 55.4900 67.3900 61.7100
524 0 1.7700 .8300 1.6600 6.5500 100.0000 50.4400 100.0000 66.6600 52.9400 60.0600 61.4500 67.0500 49.3300 53.4700 55.4900 67.3900 61.7100
526 0 1.7700 .8300 1.6600 6.5500 100.0000 50.4400 100.0000 66.6600 52.9400 60.0600 61.4500 67.0500 49.3300 53.4700 55.4900 67.3900 61.7100
529 0 1.7700 .8300 1.6600 6.5500 100.0000 50.4400 100.0000 66.6600 52.9400 60.0600 61.4500 67.0500 49.3300 53.4700 55.4900 67.3900 61.7100
536 0 1.7700 .8300 1.6600 6.5500 100.0000 50.4400 100.0000 66.6600 52.9400 60.0600 61.4500 67.0500 49.3300 52.9900 55.4900 67.3900 61.7100
537 0 1.7700 .8300 1.6600 6.5500 100.0000 50.4400 100.0000 66.6600 52.9400 60.0600 61.4500 67.0500 49.3300 52.9900 55.4900 67.3900 61.7100
542 0 1.7700 .8300 1.6600 6.5500 100.0000 50.4400 100.0000 66.6600 52.9400 60.0600 61.4500 67.0500 49.3300 52.9900 55.4900 67.3900 61.7100
548 0 1.7700 .8300 1.6600 6.5500 100.0000 50.4400 100.0000 66.6600 52.9400 60.0600 61.4500 67.0500 49.3300 52.9900 55.4900 67.3900 61.7100
549 0 1.7700 .8300 1.6600 6.5500 100.0000 50.4400 100.0000 66.6600 52.9400 60.0600 61.4500 67.0500 49.3300 52.9900 55.4900 67.3900 61.7100
556 0 1.7700 .8300 1.6600 6.5500 100.0000 50.4400 100.0000 66.6600 52.9400 60.0600 61.4500 67.0500 49.3300 52.9900 55.4900 67.3900 61.7100
557 0 1.7700 .8300 1.6600 6.5500 100.0000 50.4400 100.0000 66.6600 52.9400 60.0600 61.4500 67.0500 49.3300 52.9900 55.4900 67.3900 61.7100
559 0 1.7700 .8300 1.6600 6.5500 100.0000 50.4400 100.0000 66.6600 52.9400 60.0600 61.4500 67.0500 49.3300 52.9900 55.4900 67.3900 61.7100
561 0 1.7700 .8300 1.6600 6.5500 100.0000 50.4400 100.0000 66.6600 52.9400 60.0600 61.4500 67.0500 49.3300 52.9900 55.4900 67.3900 61.7100
