6 100.0000 100.0000 100.0000 100.0000 100.0000 100.0000 100.0000 100.0000 100.0000 100.0000 100.0000 100.0000 100.0000 100.0000 100.0000 100.0000 100.0000 100.0000
7 100.0000 100.0000 6.8700 100.0000 5.5700 100.0000 100.0000 100.0000 100.0000 100.0000 100.0000 100.0000 100.0000 100.0000 100.0000 100.0000 100.0000 100.0000
8 100.0000 12.5500 6.8700 5.2200 5.5700 100.0000 100.0000 100.0000 100.0000 100.0000 100.0000 100.0000 100.0000 100.0000 100.0000 100.0000 100.0000 100.0000
9 8.1200 12.5500 6.8700 5.2200 5.5700 100.0000 100.0000 100.0000 100.0000 100.0000 100.0000 100.0000 100.0000 100.0000 100.0000 100.0000 100.0000 100.0000
10 8.1200 12.5500 6.8700 4.8400 5.0700 100.0000 100.0000 100.0000 100.0000 100.0000 100.0000 100.0000 100.0000 100.0000 100.0000 100.0000 100.0000 100.0000
11 8.1200 12.5500 6.8700 4.8400 5.0700 100.0000 100.0000 100.0000 100.0000 100.0000 100.0000 100.0000 100.0000 100.0000 100.0000 100.0000 100.0000 100.0000
12 8.1200 12.5500 6.8700 4.8400 5.0700 100.0000 100.0000 100.0000 100.0000 100.0000 100.0000 100.0000 100.0000 100.0000 100.0000 100.0000 100.0000 100.0000
13 8.1200 12.5500 6.8700 4.3100 4.5000 100.0000 100.0000 100.0000 100.0000 100.0000 100.0000 100.0000 100.0000 100.0000 100.0000 100.0000 100.0000 100.0000
14 8.1200 12.5500 6.8700 4.3100 4.5000 100.0000 100.0000 100.0000 100.0000 100.0000 100.0000 100.0000 100.0000 100.0000 100.0000 100.0000 100.0000 100.0000
15 8.1200 12.3300 6.8700 4.3100 4.5000 100.0000 100.0000 100.0000 100.0000 100.0000 100.0000 100.0000 100.0000 100.0000 100.0000 100.0000 100.0000 100.0000
16 8.1200 12.3300 6.8600 4.3100 3.8700 100.0000 100.0000 100.0000 100.0000 100.0000 100.0000 100.0000 100.0000 100.0000 100.0000 100.0000 100.0000 100.0000
17 8.1200 12.3300 6.8600 3.6300 3.8700 100.0000 100.0000 100.0000 100.0000 100.0000 100.0000 100.0000 100.0000 100.0000 100.0000 100.0000 100.0000 100.0000
18 8.1200 12.3300 6.8600 3.6300 3.8700 100.0000 100.0000 100.0000 100.0000 100.0000 100.0000 100.0000 100.0000 100.0000 100.0000 100.0000 100.0000 100.0000
19 8.1200 12.3300 6.8600 3.6300 3.8700 100.0000 100.0000 100.0000 100.0000 100.0000 100.0000 100.0000 100.0000 100.0000 100.0000 100.0000 100.0000 100.0000
20 8.1200 12.1100 6.8400 3.6300 3.8400 100.0000 100.0000 100.0000 100.0000 100.0000 100.0000 100.0000 100.0000 100.0000 100.0000 100.0000 100.0000 100.0000
21 8.1200 11.8400 6.8400 3.6300 3.8400 100.0000 100.0000 100.0000 100.0000 100.0000 100.0000 47.0500 100.0000 100.0000 100.0000 100.0000 100.0000 100.0000
22 8.1200 11.8400 6.8400 3.6000 3.8400 100.0000 100.0000 100.0000 100.0000 75.6000 100.0000 47.0500 100.0000 100.0000 100.0000 100.0000 100.0000 100.0000
23 8.1200 11.5600 6.8400 3.6000 3.8400 100.0000 100.0000 80.0000 100.0000 75.6000 100.0000 47.0500 100.0000 100.0000 100.0000 100.0000 100.0000 100.0000
24 8.1200 11.5600 6.8400 3.6000 3.8400 100.0000 100.0000 80.0000 45.4500 75.6000 88.8100 47.0500 100.0000 100.0000 100.0000 100.0000 100.0000 100.0000
25 8.1200 11.2300 6.7900 3.6000 3.8100 59.7700 100.0000 80.0000 45.4500 75.6000 88.8100 47.0500 100.0000 100.0000 100.0000 100.0000 100.0000 100.0000
26 8.1200 11.2300 6.7900 3.6000 3.8100 59.7700 100.0000 80.0000 45.4500 75.6000 88.8100 47.0500 67.5600 100.0000 100.0000 100.0000 100.0000 13.2500
27 8.1200 11.2300 6.7900 3.6000 3.8100 59.7700 53.3700 80.0000 45.4500 75.6000 88.8100 47.0500 67.5600 62.5500 100.0000 100.0000 100.0000 13.2500
28 8.1200 10.9500 6.7900 3.5700 3.8100 59.7700 53.3700 80.0000 45.4500 75.6000 88.8100 47.0500 67.5600 62.5500 100.0000 100.0000 100.0000 13.2500
29 8.1200 10.9500 6.7900 3.5700 3.8100 59.7700 53.3700 80.0000 45.4500 75.6000 88.8100 47.0500 67.5600 62.5500 100.0000 100.0000 100.0000 13.2500
30 8.1200 10.7000 6.7800 3.5700 3.8100 59.7700 53.3700 80.0000 45.4500 75.6000 88.8100 47.0500 67.5600 62.5500 61.5700 100.0000 100.0000 13.2500
31 8.1200 10.7000 6.7800 3.5700 3.8100 59.7700 53.3700 80.0000 45.4500 75.6000 88.8100 47.0500 67.5600 62.5500 61.5700 100.0000 100.0000 13.2500
32 8.1200 10.5500 6.7800 3.5700 3.8100 59.7700 53.3700 80.0000 45.4500 75.6000 88.8100 47.0500 67.5600 62.5500 61.5700 67.2700 100.0000 13.2500
33 8.1200 10.5500 6.7800 3.5700 3.8100 59.7700 53.3700 80.0000 45.4500 75.6000 88.8100 47.0500 67.5600 62.5500 61.5700 67.2700 100.0000 13.2500
34 8.1200 10.5500 6.7800 3.5700 3.8100 59.7700 53.3700 80.0000 45.4500 75.6000 88.8100 47.0500 67.5600 62.5500 61.5700 67.2700 67.5600 13.2500
35 8.1200 10.3500 6.7800 3.5700 3.8100 59.7700 53.3700 80.0000 45.4500 75.6000 88.8100 47.0500 67.5600 62.5500 61.5700 67.2700 67.5600 13.2500
36 8.1200 10.3500 6.7800 3.5700 3.8100 59.7700 53.3700 80.0000 45.4500 75.6000 88.8100 47.0500 67.5600 62.5500 61.5700 67.2700 67.5600 13.2500
37 8.1200 10.3500 6.7500 3.5700 3.8100 59.7700 53.3700 80.0000 45.4500 75.6000 88.8100 47.0500 67.5600 62.5500 61.5700 67.2700 67.5600 13.2500
38 8.1200 10.2100 6.7500 3.5700 3.8100 59.7700 53.3700 80.0000 45.4500 75.6000 88.8100 47.0500 67.5600 62.5500 61.5700 67.2700 67.5600 13.2500
39 8.1200 10.2100 6.7500 3.5700 3.8100 58.9000 53.3700 80.0000 45.4500 75.6000 88.8100 47.0500 67.5600 62.5500 61.5700 67.2700 67.5600 13.2500
40 8.1200 10.2100 6.7500 3.5700 3.8100 58.9000 52.8000 80.0000 45.4500 75.6000 88.8100 47.0500 67.5600 62.5500 61.5700 67.2700 67.5600 13.2500
41 8.1200 10.2100 6.7500 3.5700 3.8100 58.9000 52.8000 80.0000 45.4500 75.6000 88.8100 47.0500 67.5600 62.5500 61.5700 67.2700 67.5600 13.2500
42 8.1200 10.0800 6.7500 3.5700 3.8100 58.9000 52.8000 80.0000 45.4500 75.6000 88.8100 47.0500 67.5600 62.5500 61.5700 67.2700 67.5600 13.2500
43 8.1200 10.0800 6.6900 3.5700 3.8100 58.9000 52.8000 80.0000 45.4500 75.6000 88.8100 47.0500 67.5600 62.5500 61.5700 67.2700 67.5600 13.2500
44 8.1200 10.0800 6.6900 3.5700 3.8100 58.9000 52.8000 80.0000 45.4500 75.6000 88.8100 47.0500 67.5600 62.5500 61.5700 67.2700 67.5600 13.2500
45 8.1200 10.0800 6.6900 3.5700 3.8100 58.9000 52.8000 80.0000 45.4500 75.6000 88.8100 47.0500 67.5600 62.5500 61.5700 67.2700 67.5600 13.2500
46 8.1200 10.0800 6.6900 3.5700 3.8100 58.9000 52.8000 80.0000 45.4500 75.6000 88.8100 47.0500 67.5600 62.5500 61.5700 67.2700 67.5600 13.2500
47 8.1200 9.9100 6.6900 3.5700 3.8100 58.9000 52.8000 80.0000 45.4500 75.6000 88.8100 47.0500 67.5600 62.5500 61.5700 67.2700 67.5600 13.2500
48 8.1200 9.9100 6.6900 3.5700 3.8100 58.9000 52.8000 80.0000 45.4500 75.6000 88.8100 47.0500 67.5600 62.5500 61.5700 67.2700 67.5600 13.2500
49 8.1200 9.9100 6.6900 3.5700 3.8100 58.9000 52.8000 80.0000 45.4500 75.6000 88.8100 47.0500 67.5600 62.5500 61.5700 67.2700 67.5600 13.2500
50 8.1200 9.9100 6.6900 3.5700 3.8100 58.9000 52.8000 80.0000 45.4500 75.6000 88.8100 47.0500 67.5600 62.5500 61.5700 67.2700 67.5600 13.2500
51 8.1200 9.8200 6.6900 3.5700 3.8100 58.9000 52.8000 80.0000 45.4500 75.6000 88.8100 47.0500 67.5600 62.5500 61.5700 67.2700 67.5600 13.2500
52 8.1200 9.8200 6.6900 3.5700 3.8100 58.9000 52.8000 80.0000 45.4500 75.6000 88.8100 47.0500 67.5600 62.5500 61.5700 67.2700 67.5600 13.2500
53 8.1200 9.8200 6.6900 3.5700 3.8100 58.9000 52.8000 80.0000 45.4500 75.6000 88.8100 47.0500 67.5600 62.5500 61.5700 67.2700 67.5600 13.2500
54 8.1200 9.8200 6.6900 3.5700 3.8100 58.9000 52.8000 80.0000 45.4500 75.6000 88.8100 47.0500 67.5600 62.5500 61.5700 67.2700 67.5600 13.2500
55 8.1200 9.8200 6.6900 3.5700 3.8100 58.9000 52.8000 80.0000 45.4500 75.6000 88.8100 47.0500 67.5600 62.5500 61.5700 67.2700 67.5600 13.2500
56 8.1200 9.7100 6.6900 3.5700 3.8100 58.9000 52.3400 80.0000 45.4500 75.6000 88.8100 47.0500 67.5600 62.5500 61.5700 67.2700 67.5600 13.2500
57 8.1200 9.7100 6.6900 3.5700 3.8100 58.9000 52.3400 80.0000 45.4500 75.6000 88.8100 47.0500 67.5600 62.5500 61.5700 67.2700 67.5600 13.2500
58 8.1200 9.7100 6.6900 3.5700 3.8100 58.9000 52.3400 80.0000 45.4500 75.6000 88.8100 47.0500 67.5600 62.5500 61.5700 67.2700 67.5600 13.2500
59 8.1200 9.7100 6.6900 3.5700 3.8100 58.9000 52.3400 80.0000 45.4500 75.6000 88.8100 47.0500 67.5600 62.5500 61.5700 67.2700 67.5600 13.2500
60 8.1200 9.7100 6.6600 3.5700 3.8100 58.9000 52.3400 80.0000 45.4500 75.6000 88.8100 47.0500 67.5600 62.5500 61.5700 67.2700 67.5600 13.2500
61 8.1200 9.6000 6.6600 3.5700 3.8100 58.9000 52.3400 80.0000 45.4500 75.6000 88.8100 47.0500 67.5600 62.5500 61.5700 67.2700 67.5600 13.2500
62 8.1200 9.6000 6.6600 3.5700 3.8100 58.9000 52.3400 80.0000 45.4500 75.6000 88.8100 47.0500 67.5600 62.5500 61.5700 67.2700 67.5600 13.2500
63 8.1200 9.6000 6.6600 3.5700 3.8100 58.9000 52.3400 80.0000 45.4500 75.6000 88.8100 47.0500 67.5600 62.5500 61.5700 67.2700 67.5600 13.2500
64 8.1200 9.6000 6.6600 3.5700 3.8100 58.9000 52.3400 80.0000 45.4500 75.6000 88.8100 47.0500 67.5600 62.5500 61.5700 67.2700 67.5600 13.2500
65 8.1200 9.6000 6.6600 3.5700 3.8100 58.9000 52.3400 80.0000 45.4500 75.6000 88.8100 47.0500 67.5600 62.5500 61.5700 67.2700 67.5600 13.2500
66 8.1200 9.5000 6.6600 3.5700 3.8100 58.9000 52.3400 80.0000 45.4500 75.6000 88.8100 47.0500 67.5600 62.5500 61.5700 67.2700 67.5600 13.2500
67 8.1200 9.5000 6.6600 3.5700 3.8100 58.9000 52.3400 80.0000 45.4500 75.6000 88.8100 47.0500 67.5600 62.5500 61.5700 67.2700 67.5600 13.2500
68 8.1200 9.5000 6.6600 3.5700 3.8100 58.9000 52.3400 80.0000 45.4500 75.6000 88.8100 47.0500 67.5600 62.5500 61.5700 67.2700 67.5600 13.2500
69 8.1200 9.5000 6.6600 3.5700 3.8100 58.9000 52.3400 80.0000 45.4500 75.6000 88.8100 47.0500 67.5600 62.5500 61.5700 67.2700 67.5600 13.2500
70 8.1200 9.5000 6.6600 3.5700 3.8100 58.9000 52.3400 80.0000 45.4500 75.6000 88.8100 47.0500 67.5600 62.5500 61.5700 67.2700 67.5600 13.2500
71 8.1200 9.4500 6.6600 3.5700 3.8100 58.9000 52.3400 80.0000 45.4500 75.6000 88.8100 47.0500 67.5600 62.5500 61.5700 67.2700 67.5600 13.2500
72 8.1200 9.4500 6.6600 3.5700 3.8100 58.9000 52.3400 80.0000 45.4500 75.6000 88.8100 47.0500 67.5600 62.5500 61.5700 67.2700 67.5600 13.2500
73 8.1200 9.4500 6.6600 3.5700 3.8100 58.9000 52.3400 80.0000 45.4500 75.6000 88.8100 47.0500 67.5600 62.5500 61.5700 67.2700 67.5600 13.2500
74 8.1200 9.4500 6.6600 3.5700 3.8100 58.9000 52.3400 80.0000 45.4500 75.6000 88.8100 47.0500 67.5600 62.5500 61.5700 67.2700 67.5600 13.2500
75 8.1200 9.4500 6.6600 3.5700 3.8100 58.9000 52.3400 80.0000 45.4500 75.6000 88.8100 47.0500 67.5600 62.5500 61.5700 67.2700 67.5600 13.2500
76 8.1200 9.3800 6.6600 3.5700 3.8100 57.8300 52.3400 80.0000 45.4500 75.6000 88.8100 47.0500 67.5600 62.5500 61.5700 67.2700 67.5600 13.2500
77 8.1200 9.3800 6.6600 3.5700 3.8100 57.8300 52.0600 80.0000 45.4500 75.6000 88.8100 47.0500 67.5600 62.5500 61.5700 67.2700 67.5600 13.2500
78 8.1200 9.3800 6.6600 3.5700 3.8100 57.8300 52.0600 80.0000 45.4500 75.6000 88.8100 47.0500 67.5600 62.5500 61.5700 67.2700 67.5600 13.2500
79 8.1200 9.3800 6.6600 3.5700 3.8100 57.8300 52.0600 80.0000 45.4500 75.6000 88.8100 47.0500 67.5600 62.5500 61.5700 67.2700 67.5600 13.2500
80 8.1200 9.3800 6.6600 3.5700 3.8100 57.8300 52.0600 80.0000 45.4500 75.6000 88.8100 47.0500 67.5600 62.5500 61.5700 67.2700 67.5600 13.2500
81 8.1200 9.3800 6.6600 3.5700 3.8100 57.8300 52.0600 80.0000 45.4500 75.6000 88.8100 47.0500 67.5600 62.5500 61.5700 67.2700 67.5600 13.2500
83 8.1200 9.3800 6.6600 3.5700 3.8100 57.8300 52.0600 80.0000 45.4500 75.6000 88.8100 47.0500 67.5600 62.5500 61.5700 67.2700 67.5600 13.2500
84 8.1200 9.3800 6.6600 3.5700 3.8100 57.8300 52.0600 80.0000 45.4500 75.6000 88.8100 47.0500 67.5600 62.5500 61.5700 67.2700 67.5600 13.2500
85 8.1200 9.3800 6.6600 3.5700 3.8100 57.8300 52.0600 80.0000 45.4500 75.6000 88.8100 47.0500 67.5600 62.5500 61.5700 67.2700 67.5600 13.2500
86 8.1200 9.3800 6.6600 3.5700 3.8100 57.8300 52.0600 80.0000 45.4500 75.6000 88.8100 47.0500 67.5600 62.5500 61.5700 67.2700 67.5600 13.2500
87 8.1200 9.3800 6.6600 3.5700 3.8100 57.8300 52.0600 80.0000 45.4500 75.6000 88.8100 47.0500 67.5600 62.5500 61.5700 67.2700 67.5600 13.2500
88 8.1200 9.3800 6.6600 3.5700 3.8100 57.8300 52.0600 80.0000 45.4500 75.6000 88.8100 47.0500 67.5600 62.5500 61.5700 67.2700 67.5600 13.2500
89 8.1200 9.3800 6.6600 3.5700 3.8100 57.8300 52.0600 80.0000 45.4500 75.6000 88.8100 47.0500 67.5600 62.5500 61.5700 67.2700 67.5600 13.2500
90 8.1200 9.3800 6.6600 3.5700 3.8100 57.8300 52.0600 80.0000 45.4500 75.6000 88.8100 47.0500 67.5600 62.5500 61.5700 67.2700 67.5600 13.2500
91 8.1200 9.3800 6.6600 3.5700 3.8100 57.8300 52.0600 80.0000 45.4500 75.6000 88.8100 47.0500 67.5600 62.5500 61.5700 67.2700 67.5600 13.2500
92 8.1200 9.3800 6.6600 3.5700 3.8100 57.8300 52.0600 80.0000 45.4500 75.6000 88.8100 47.0500 67.5600 62.5500 61.5700 67.2700 67.5600 13.2500
93 8.1200 9.3800 6.6600 3.5700 3.8100 57.8300 52.0600 80.0000 45.4500 75.6000 88.8100 47.0500 67.5600 62.5500 61.5700 67.2700 67.5600 13.2500
94 8.1200 9.3800 6.6600 3.5700 3.8100 57.8300 52.0600 80.0000 45.4500 75.6000 88.8100 47.0500 67.5600 62.5500 61.5700 67.2700 67.5600 13.2500
95 8.1200 9.3800 6.6600 3.5700 3.8100 57.8300 52.0600 80.0000 45.4500 75.6000 88.8100 47.0500 67.5600 62.5500 61.5700 67.2700 67.5600 13.2500
96 8.1200 9.3800 6.6600 3.5700 3.8100 57.8300 52.0600 80.0000 45.4500 75.6000 88.8100 47.0500 67.5600 62.5500 61.5700 67.2700 67.5600 13.2500
97 8.1200 9.3800 6.6600 3.5700 3.8100 57.8300 52.0600 80.0000 45.4500 75.6000 88.8100 47.0500 67.5600 62.5500 61.5700 67.2700 67.5600 13.2500
98 8.1200 9.3800 6.6600 3.5700 3.8100 57.8300 52.0600 80.0000 45.4500 75.6000 88.8100 47.0500 67.5600 62.5500 61.5700 67.2700 67.5600 13.2500
99 8.1200 9.3800 6.6600 3.5700 3.8100 57.8300 52.0600 80.0000 45.4500 75.6000 88.8100 47.0500 67.5600 62.5500 61.5700 67.2700 67.5600 13.2500
100 8.1200 9.3800 6.6600 3.5700 3.8100 55.4100 52.0600 80.0000 45.4500 75.6000 88.8100 47.0500 67.5600 62.5500 61.5700 67.2700 67.5600 13.2500
101 8.1200 9.3800 6.6600 3.5700 3.8100 55.4100 52.0600 80.0000 45.4500 75.6000 88.8100 47.0500 67.5600 62.5500 61.5700 67.2700 67.5600 13.2500
102 8.1200 9.3800 6.6600 3.5700 3.8100 55.4100 52.0600 80.0000 45.4500 75.6000 88.8100 47.0500 67.5600 62.5500 61.5700 67.2700 67.5600 13.2500
103 8.1200 9.3800 6.6600 3.5700 3.8100 55.4100 52.0600 80.0000 45.4500 75.6000 88.8100 47.0500 67.5600 62.5500 61.5700 67.2700 67.5600 13.2500
104 8.1200 9.3800 6.6600 3.5700 3.8100 55.4100 52.0600 80.0000 45.4500 75.6000 88.8100 47.0500 67.5600 62.5500 61.5700 67.2700 67.5600 13.2500
107 8.1200 9.3800 6.6600 3.5700 3.8100 55.4100 51.4500 80.0000 45.4500 75.6000 88.8100 47.0500 67.5600 62.5500 61.5700 67.2700 67.5600 13.2500
108 8.1200 9.3800 6.6500 3.5700 3.8100 55.4100 51.4500 80.0000 45.4500 75.6000 88.8100 47.0500 67.5600 62.5500 61.5700 67.2700 67.5600 13.2500
110 8.1200 9.3800 6.6500 3.5700 3.8100 55.4100 51.4500 80.0000 45.4500 75.6000 88.8100 47.0500 67.5600 62.5500 61.5700 67.2700 67.5600 13.2500
111 8.1200 9.3800 6.6500 3.5700 3.8100 55.4100 51.4500 80.0000 45.4500 75.6000 88.8100 47.0500 67.5600 62.5500 61.5700 67.2700 67.5600 13.2500
112 8.1200 9.3800 6.6500 3.5700 3.8100 55.4100 51.4500 80.0000 45.4500 75.6000 88.8100 47.0500 67.5600 62.5500 61.5700 67.2700 67.5600 13.2500
113 8.1200 9.3800 6.6500 3.5700 3.8100 55.4100 51.4500 80.0000 45.4500 75.6000 88.8100 47.0500 67.5600 62.5500 61.5700 67.2700 67.5600 13.2500
117 8.1200 9.3800 6.6500 3.5700 3.8100 55.4100 51.4500 80.0000 45.4500 75.6000 88.8100 47.0500 67.5600 62.5500 61.5700 67.2700 67.5600 13.2500
119 8.1200 9.3800 6.6500 3.5700 3.8100 55.4100 51.4500 80.0000 45.4500 75.6000 88.8100 47.0500 67.5600 62.5500 61.5700 67.2700 67.5600 13.2500
120 8.1200 9.3800 6.6500 3.5700 3.8100 55.4100 51.4500 80.0000 45.4500 75.6000 88.8100 47.0500 67.5600 62.5500 61.5700 67.2700 67.5600 13.2500
121 8.1200 9.3800 6.6500 3.5700 3.8100 55.4100 51.4500 80.0000 45.4500 75.6000 88.8100 47.0500 67.5600 62.5500 61.5700 67.2700 67.5600 13.2500
122 8.1200 9.3800 6.6500 3.5700 3.8100 55.4100 51.4500 80.0000 45.4500 75.6000 88.8100 47.0500 67.5600 62.5500 61.5700 67.2700 67.5600 13.2500
123 8.1200 9.3800 6.6200 3.5700 3.8100 55.4100 51.4500 80.0000 45.4500 75.6000 88.8100 47.0500 67.5600 62.5500 61.5700 67.2700 67.5600 13.2500
124 8.1200 9.3800 6.6200 3.5700 3.8100 55.4100 51.4500 80.0000 45.4500 75.6000 88.8100 47.0500 67.5600 62.5500 61.5700 67.2700 67.5600 13.2500
125 8.1200 9.3800 6.6200 3.5700 3.8100 55.4100 51.4500 80.0000 45.4500 75.6000 88.8100 47.0500 67.5600 62.5500 61.5700 67.2700 67.5600 13.2500
126 8.1200 9.3800 6.6200 3.5700 3.8100 55.4100 51.4500 80.0000 45.4500 75.6000 88.8100 47.0500 67.5600 62.5500 61.5700 67.2700 67.5600 13.2500
127 8.1200 9.3800 6.6200 3.5700 3.8100 55.4100 51.4500 80.0000 45.4500 75.6000 88.8100 47.0500 67.5600 62.5500 61.5700 67.2700 67.5600 13.2500
128 8.1200 9.3800 6.6200 3.5700 3.8100 55.4100 51.4500 80.0000 45.4500 75.6000 88.8100 47.0500 67.5600 62.5500 61.5700 67.2700 67.5600 13.2500
129 8.1100 9.3800 6.6200 3.5700 3.8100 54.9300 51.4500 80.0000 45.4500 75.6000 88.8100 47.0500 67.5600 62.5500 61.5700 67.2700 67.5600 13.2500
130 8.1100 9.3800 6.6200 3.5700 3.8100 54.9300 51.4500 80.0000 45.4500 75.6000 88.8100 47.0500 67.5600 62.5500 61.5700 67.2700 67.5600 13.2500
131 8.1100 9.3800 6.6200 3.5700 3.8100 54.9300 51.4500 80.0000 45.4500 75.6000 88.8100 47.0500 67.5600 62.5500 61.5700 67.2700 67.5600 13.2500
132 8.1100 9.3800 6.6200 3.5700 3.8100 54.9300 51.4500 80.0000 45.4500 75.6000 88.8100 47.0500 67.5600 62.5500 61.5700 67.2700 67.5600 13.2500
133 8.1100 9.3800 6.6200 3.5700 3.8100 54.9300 51.4500 80.0000 45.4500 75.6000 88.8100 47.0500 67.5600 62.5500 61.5700 67.2700 67.5600 13.2500
134 8.1100 9.3800 6.6200 3.5700 3.8100 54.9300 51.4500 80.0000 45.4500 75.6000 88.8100 47.0500 67.5600 62.5500 61.5700 67.2700 67.5600 13.2500
135 8.1100 9.3800 6.6200 3.5700 3.8100 54.9300 51.1000 80.0000 45.4500 75.6000 88.8100 47.0500 67.5600 62.5500 61.5700 67.2700 67.5600 13.2500
136 8.1100 9.3800 6.6200 3.5700 3.8100 54.9300 51.1000 80.0000 45.4500 75.6000 88.8100 47.0500 67.5600 62.5500 61.5700 67.2700 67.5600 13.2500
137 8.1100 9.3800 6.6200 3.5700 3.8100 54.9300 51.1000 80.0000 45.4500 75.6000 88.8100 47.0500 67.5600 62.5500 61.5700 67.2700 67.5600 13.2500
138 8.1100 9.3800 6.6200 3.5700 3.8100 54.9300 51.1000 80.0000 45.4500 75.6000 88.8100 47.0500 67.5600 62.5500 61.5700 67.2700 67.5600 13.2500
139 8.1100 9.3800 6.6200 3.5700 3.8100 54.9300 51.1000 80.0000 45.4500 75.6000 88.8100 47.0500 67.5600 62.5500 61.5700 67.2700 67.5600 13.2500
140 8.1000 9.3800 6.6200 3.5700 3.8100 54.9300 51.1000 80.0000 45.4500 75.6000 88.8100 47.0500 67.5600 62.5500 61.5700 67.2700 67.5600 13.2500
141 8.1000 9.3800 6.6200 3.5700 3.8100 54.9300 51.1000 80.0000 45.4500 75.6000 88.8100 47.0500 67.5600 62.5500 61.5700 67.2700 67.5600 13.2500
142 8.1000 9.3800 6.6200 3.5700 3.8100 54.9300 51.1000 80.0000 45.4500 75.6000 88.8100 47.0500 67.5600 62.5500 61.5700 67.2700 67.5600 13.2500
143 8.1000 9.3800 6.6200 3.5700 3.8100 54.9300 51.1000 80.0000 45.4500 75.6000 88.8100 47.0500 67.5600 62.5500 61.5700 67.2700 67.5600 13.2500
146 8.1000 9.3800 6.6200 3.5700 3.8100 54.9300 51.1000 80.0000 45.4500 75.6000 88.8100 47.0500 67.5600 62.5500 61.5700 67.2700 67.5600 13.2500
147 8.1000 9.3800 6.6100 3.5700 3.8100 54.9300 51.1000 80.0000 45.4500 75.6000 88.8100 47.0500 67.5600 62.5500 61.5700 67.2700 67.5600 13.2500
148 8.1000 9.3800 6.6100 3.5700 3.8100 54.9300 51.1000 80.0000 45.4500 75.6000 88.8100 47.0500 67.5600 62.5500 61.5700 67.2700 67.5600 13.2500
149 8.1000 9.3800 6.6100 3.5700 3.8100 54.9300 51.1000 80.0000 45.4500 75.6000 88.8100 47.0500 67.5600 62.5500 61.5700 67.2700 67.5600 13.2500
150 8.1000 9.3800 6.6100 3.5700 3.8100 54.9300 51.1000 80.0000 45.4500 75.6000 88.8100 47.0500 67.5600 62.5500 61.5700 67.2700 67.5600 13.2500
151 8.1000 9.3800 6.6100 3.5700 3.8100 54.9300 51.1000 80.0000 45.4500 75.6000 88.8100 47.0500 67.5600 62.5500 61.5700 67.2700 67.5600 13.2500
152 8.1000 9.3800 6.6100 3.5700 3.8100 54.9300 51.1000 80.0000 45.4500 75.6000 88.8100 47.0500 67.5600 62.5500 61.5700 67.2700 67.5600 13.2500
153 8.1000 9.3800 6.6100 3.5700 3.8100 54.9300 51.1000 80.0000 45.4500 75.6000 88.8100 47.0500 67.5600 62.5500 61.5700 67.2700 67.5600 13.2500
154 8.1000 9.3800 6.6100 3.5700 3.8100 54.9300 51.1000 80.0000 45.4500 75.6000 88.8100 47.0500 67.5600 62.5500 61.5700 67.2700 67.5600 13.2500
155 8.1000 9.3800 6.6100 3.5700 3.8100 54.9300 51.1000 80.0000 45.4500 75.6000 88.8100 47.0500 67.5600 62.5500 61.5700 67.2700 67.5600 13.2500
156 8.1000 9.3800 6.6100 3.5700 3.8100 54.9300 51.1000 80.0000 45.4500 75.6000 88.8100 47.0500 67.5600 62.5500 61.5700 67.2700 67.5600 13.2500
158 8.1000 9.3800 6.6100 3.5700 3.8100 54.9300 51.1000 80.0000 45.4500 75.6000 88.8100 47.0500 67.5600 62.5500 61.5700 67.2700 67.5600 13.2500
159 8.1000 9.3800 6.6100 3.5700 3.8100 54.9300 51.1000 80.0000 45.4500 75.6000 88.8100 47.0500 67.5600 62.5500 61.5700 67.2700 67.5600 13.2500
160 8.1000 9.3800 6.6100 3.5700 3.8100 54.9300 51.1000 80.0000 45.4500 75.6000 88.8100 47.0500 67.5600 62.5500 61.5700 67.2700 67.5600 13.2500
161 8.1000 9.3800 6.6100 3.5700 3.8100 54.0200 51.1000 80.0000 45.4500 75.6000 88.8100 47.0500 67.5600 62.5500 61.5700 67.2700 67.5600 13.2500
162 8.1000 9.3800 6.6100 3.5700 3.8100 54.0200 51.1000 80.0000 45.4500 75.6000 88.8100 47.0500 67.5600 62.5500 61.5700 67.2700 67.5600 13.2500
163 8.1000 9.3800 6.6100 3.5700 3.8100 54.0200 50.8300 80.0000 45.4500 75.6000 88.8100 47.0500 67.5600 62.5500 61.5700 67.2700 67.5600 13.2500
164 8.1000 9.3800 6.5900 3.5700 3.8100 54.0200 50.8300 80.0000 45.4500 75.6000 88.8100 47.0500 67.5600 62.5500 61.5700 67.2700 67.5600 13.2500
165 8.1000 9.3800 6.5900 3.5700 3.8100 54.0200 50.8300 80.0000 45.4500 75.6000 88.8100 47.0500 67.5600 62.5500 61.5700 67.2700 67.5600 13.2500
166 8.1000 9.3800 6.5900 3.5700 3.8100 54.0200 50.8300 80.0000 45.4500 75.6000 88.8100 47.0500 67.5600 62.5500 61.5700 67.2700 67.5600 13.2500
167 8.1000 9.3800 6.5900 3.5700 3.8100 54.0200 50.8300 80.0000 45.4500 75.6000 88.8100 47.0500 67.5600 62.5500 61.5700 67.2700 67.5600 13.2500
168 8.1000 9.3800 6.5900 3.5700 3.8100 54.0200 50.8300 80.0000 45.4500 75.6000 88.8100 47.0500 67.5600 62.5500 61.5700 67.2700 67.5600 13.2500
169 8.1000 9.3800 6.5900 3.5700 3.8100 54.0200 50.8300 80.0000 45.4500 75.6000 88.8100 47.0500 67.5600 62.5500 61.5700 67.2700 67.5600 13.2500
170 8.1000 9.3800 6.5900 3.5700 3.8100 54.0200 50.8300 80.0000 45.4500 75.6000 88.8100 47.0500 67.5600 62.5500 61.5700 67.2700 67.5600 13.2500
171 8.1000 9.3800 6.5900 3.5700 3.8100 54.0200 50.8300 80.0000 45.4500 75.6000 88.8100 47.0500 67.5600 62.5500 61.5700 67.2700 67.5600 13.2500
172 8.1000 9.3800 6.5900 3.5700 3.8100 54.0200 50.8300 80.0000 45.4500 75.6000 88.8100 47.0500 67.5600 62.5500 61.5700 67.2700 67.5600 13.2500
173 8.1000 9.3800 6.5900 3.5700 3.8100 54.0200 50.8300 80.0000 45.4500 75.6000 88.8100 47.0500 67.5600 62.5500 61.5700 67.2700 67.5600 13.2500
174 8.1000 9.3800 6.5900 3.5700 3.8100 54.0200 50.8300 80.0000 45.4500 75.6000 88.8100 47.0500 67.5600 62.5500 61.5700 67.2700 67.5600 13.2500
175 8.1000 9.3800 6.5900 3.5700 3.8100 54.0200 50.8300 80.0000 45.4500 75.6000 88.8100 47.0500 67.5600 62.5500 61.5700 67.2700 67.5600 13.2500
176 8.1000 9.3800 6.5900 3.5700 3.8100 54.0200 50.8300 80.0000 45.4500 75.6000 88.8100 47.0500 67.5600 62.5500 61.5700 67.2700 67.5600 13.2500
177 8.1000 9.3800 6.5900 3.5700 3.8100 54.0200 50.8300 80.0000 45.4500 75.6000 88.8100 47.0500 67.5600 62.5500 61.5700 67.2700 67.5600 13.2500
178 8.1000 9.3800 6.5900 3.5700 3.8100 54.0200 50.8300 80.0000 45.4500 75.6000 88.8100 47.0500 67.5600 62.5500 61.5700 67.2700 67.5600 13.2500
179 8.1000 9.3800 6.5900 3.5700 3.8100 54.0200 50.8300 80.0000 45.4500 75.6000 88.8100 47.0500 67.5600 62.5500 61.5700 67.2700 67.5600 13.2500
180 8.1000 9.3800 6.5900 3.5700 3.8100 54.0200 50.8300 80.0000 45.4500 75.6000 88.8100 47.0500 67.5600 62.5500 61.5700 67.2700 67.5600 13.2500
181 8.1000 9.3800 6.5900 3.5700 3.8100 54.0200 50.8300 80.0000 45.4500 75.6000 88.8100 47.0500 67.5600 62.5500 61.5700 67.2700 67.5600 13.2500
182 8.1000 9.3800 6.5900 3.5700 3.8100 54.0200 50.8300 80.0000 45.4500 75.6000 88.8100 47.0500 67.5600 62.5500 61.5700 67.2700 67.5600 13.2500
183 8.1000 9.3800 6.5900 3.5700 3.8100 54.0200 50.8300 80.0000 45.4500 75.6000 88.8100 47.0500 67.5600 62.5500 61.5700 67.2700 67.5600 13.2500
184 8.1000 9.3800 6.5900 3.5700 3.8100 54.0200 50.8300 80.0000 45.4500 75.6000 88.8100 47.0500 67.5600 62.5500 61.5700 67.2700 67.5600 13.2500
185 8.1000 9.3800 6.5900 3.5700 3.8100 54.0200 50.8300 80.0000 45.4500 75.6000 88.8100 47.0500 67.5600 62.5500 61.5700 67.2700 67.5600 13.2500
187 8.1000 9.3800 6.5900 3.5700 3.8100 54.0200 50.8300 80.0000 45.4500 75.6000 88.8100 47.0500 67.5600 62.5500 61.5700 67.2700 67.5600 13.2500
188 8.1000 9.3800 6.5900 3.5700 3.8100 54.0200 50.8300 80.0000 45.4500 75.6000 88.8100 47.0500 67.5600 62.5500 61.5700 67.2700 67.5600 13.2500
190 8.1000 9.3800 6.5900 3.5700 3.8100 54.0200 50.8300 80.0000 45.4500 75.6000 88.8100 47.0500 67.5600 62.5500 61.5700 67.2700 67.5600 13.2500
191 8.1000 9.3800 6.5900 3.5700 3.8100 54.0200 50.8300 80.0000 45.4500 75.6000 88.8100 47.0500 67.5600 62.5500 61.5700 67.2700 67.5600 13.2500
192 8.1000 9.3800 6.5900 3.5700 3.8100 54.0200 50.8300 80.0000 45.4500 75.6000 88.8100 47.0500 67.5600 62.5500 61.5700 67.2700 67.5600 13.2500
193 8.1000 9.3800 6.5900 3.5700 3.8100 54.0200 50.8300 80.0000 45.4500 75.6000 88.8100 47.0500 67.5600 62.5500 61.5700 67.2700 67.5600 13.2500
194 8.1000 9.3800 6.5900 3.5700 3.8100 54.0200 50.8300 80.0000 45.4500 75.6000 88.8100 47.0500 67.5600 62.5500 61.5700 67.2700 67.5600 13.2500
195 8.1000 9.3800 6.5900 3.5700 3.8100 54.0200 50.8300 80.0000 45.4500 75.6000 88.8100 47.0500 67.5600 62.5500 61.5700 67.2700 67.5600 13.2500
196 8.1000 9.3800 6.5900 3.5700 3.8100 54.0200 50.8300 80.0000 45.4500 75.6000 88.8100 47.0500 67.5600 62.5500 61.5700 67.2700 67.5600 13.2500
198 8.1000 9.3800 6.5900 3.5700 3.8100 54.0200 50.8300 80.0000 45.4500 75.6000 88.8100 47.0500 67.5600 62.5500 61.5700 67.2700 67.5600 13.2500
199 8.1000 9.3800 6.5900 3.5700 3.8100 54.0200 50.8300 80.0000 45.4500 75.6000 88.8100 47.0500 67.5600 62.5500 61.5700 67.2700 67.5600 13.2500
200 8.1000 9.3800 6.5900 3.5700 3.8100 54.0200 50.8300 80.0000 45.4500 75.6000 88.8100 47.0500 67.5600 62.5500 61.5700 67.2700 67.5600 13.2500
201 8.1000 9.3800 6.5900 3.5700 3.8100 54.0200 50.8300 80.0000 45.4500 75.6000 88.8100 47.0500 67.5600 62.5500 61.5700 67.2700 67.5600 13.2500
202 8.1000 9.3800 6.5900 3.5700 3.8100 53.5000 50.8300 80.0000 45.4500 75.6000 88.8100 47.0500 67.5600 62.5500 61.5700 67.2700 67.5600 13.2500
203 8.1000 9.3800 6.5900 3.5700 3.8100 53.5000 50.8300 80.0000 45.4500 75.6000 88.8100 47.0500 67.5600 62.5500 61.5700 67.2700 67.5600 13.2500
205 8.1000 9.3800 6.5900 3.5700 3.8100 53.5000 50.4800 80.0000 45.4500 75.6000 88.8100 47.0500 67.5600 62.5500 61.5700 67.2700 67.5600 13.2500
206 8.1000 9.3800 6.5900 3.5700 3.8100 53.5000 50.4800 80.0000 45.4500 75.6000 88.8100 47.0500 67.5600 62.5500 61.5700 67.2700 67.5600 13.2500
208 8.1000 9.3800 6.5900 3.5700 3.8100 53.5000 50.4800 80.0000 45.4500 75.6000 88.8100 47.0500 67.5600 62.5500 61.5700 67.2700 67.5600 13.2500
209 8.1000 9.3800 6.5900 3.5700 3.8100 53.5000 50.4800 80.0000 45.4500 75.6000 88.8100 47.0500 67.5600 62.5500 61.5700 67.2700 67.5600 13.2500
211 8.1000 9.3800 6.5900 3.5700 3.8100 53.5000 50.4800 80.0000 45.4500 75.6000 88.8100 47.0500 67.5600 62.5500 61.5700 67.2700 67.5600 13.2500
212 8.1000 9.3800 6.5900 3.5700 3.8100 53.5000 50.4800 80.0000 45.4500 75.6000 88.8100 47.0500 67.5600 62.5500 61.5700 67.2700 67.5600 13.2500
213 8.1000 9.3800 6.5900 3.5700 3.8100 53.5000 50.4800 80.0000 45.4500 75.6000 88.8100 47.0500 67.5600 62.5500 61.5700 67.2700 67.5600 13.2500
214 8.1000 9.3800 6.5900 3.5700 3.8100 53.5000 50.4800 80.0000 45.4500 75.6000 88.8100 47.0500 67.5600 62.5500 61.5700 67.2700 67.5600 13.2500
215 8.1000 9.3800 6.5900 3.5700 3.8100 53.5000 50.4800 80.0000 45.4500 75.6000 88.8100 47.0500 67.5600 62.5500 61.5700 67.2700 67.5600 13.2500
216 8.1000 9.3800 6.5900 3.5700 3.8100 53.5000 50.4800 80.0000 45.4500 75.6000 88.8100 47.0500 67.5600 62.5500 61.5700 67.2700 67.5600 13.2500
217 8.1000 9.3800 6.5900 3.5700 3.8100 53.5000 50.4800 80.0000 45.4500 75.6000 88.8100 47.0500 67.5600 62.5500 61.5700 67.2700 67.5600 13.2500
218 8.1000 9.3800 6.5900 3.5700 3.8100 53.5000 50.4800 80.0000 45.4500 75.6000 88.8100 47.0500 67.5600 62.5500 61.5700 67.2700 67.5600 13.2500
219 8.1000 9.3800 6.5900 3.5700 3.8100 53.5000 50.4800 80.0000 45.4500 75.6000 88.8100 47.0500 67.5600 62.5500 61.5700 67.2700 67.5600 13.2500
220 8.1000 9.3800 6.5900 3.5700 3.8100 53.5000 50.4800 80.0000 45.4500 75.6000 88.8100 47.0500 67.5600 62.5500 61.5700 67.2700 67.5600 13.2500
221 8.1000 9.3800 6.5900 3.5700 3.8100 53.5000 50.4800 80.0000 45.4500 75.6000 88.8100 47.0500 67.5600 62.5500 61.5700 67.2700 67.5600 13.2500
222 8.1000 9.3800 6.5900 3.5700 3.8100 53.5000 50.4800 80.0000 45.4500 75.6000 88.8100 47.0500 67.5600 62.5500 61.5700 67.2700 67.5600 13.2500
224 8.1000 9.3800 6.5900 3.5700 3.8100 53.5000 50.4800 80.0000 45.4500 75.6000 88.8100 47.0500 67.5600 62.5500 61.5700 67.2700 67.5600 13.2500
225 8.1000 9.3800 6.5900 3.5700 3.8100 53.5000 50.4800 80.0000 45.4500 75.6000 88.8100 47.0500 67.5600 62.5500 61.5700 67.2700 67.5600 13.2500
228 8.1000 9.3800 6.5900 3.5700 3.8100 53.5000 50.4800 80.0000 45.4500 75.6000 88.8100 47.0500 67.5600 62.5500 61.5700 67.2700 67.5600 13.2500
229 8.1000 9.3800 6.5900 3.5700 3.8100 53.5000 50.4800 80.0000 45.4500 75.6000 88.8100 47.0500 67.5600 62.5500 61.5700 67.2700 67.5600 13.2500
232 8.1000 9.3800 6.5900 3.5700 3.8100 53.5000 50.4800 80.0000 45.4500 75.6000 88.8100 47.0500 67.5600 62.5500 61.5700 67.2700 67.5600 13.2500
233 8.1000 9.3800 6.5900 3.5700 3.8100 53.5000 50.4800 80.0000 45.4500 75.6000 88.8100 47.0500 67.5600 62.5500 61.5700 67.2700 67.5600 13.2500
234 8.1000 9.3800 6.5900 3.5700 3.8100 53.5000 50.4800 80.0000 45.4500 75.6000 88.8100 47.0500 67.5600 62.5500 61.5700 67.2700 67.5600 13.2500
235 8.1000 9.3800 6.5900 3.5700 3.8100 53.5000 50.4800 80.0000 45.4500 75.6000 88.8100 47.0500 67.5600 62.5500 61.5700 67.2700 67.5600 13.2500
236 8.1000 9.3800 6.5900 3.5700 3.8100 53.5000 50.4800 80.0000 45.4500 75.6000 88.8100 47.0500 67.5600 62.5500 61.5700 67.2700 67.5600 13.2500
237 8.1000 9.3800 6.5900 3.5700 3.8100 53.5000 50.4800 80.0000 45.4500 75.6000 88.8100 47.0500 67.5600 62.5500 61.5700 67.2700 67.5600 13.2500
238 8.1000 9.3800 6.5900 3.5700 3.8100 53.5000 50.4800 80.0000 45.4500 75.6000 88.8100 47.0500 67.5600 62.5500 61.5700 67.2700 67.5600 13.2500
241 8.1000 9.3800 6.5900 3.5700 3.8100 53.5000 50.4800 80.0000 45.4500 75.6000 88.8100 47.0500 67.5600 62.5500 61.5700 67.2700 67.5600 13.2500
245 8.1000 9.3800 6.5900 3.5700 3.8100 53.5000 50.4800 80.0000 45.4500 75.6000 88.8100 47.0500 67.5600 62.5500 61.5700 67.2700 67.5600 13.2500
246 8.1000 9.3800 6.5900 3.5700 3.8100 53.1700 50.2300 80.0000 45.4500 75.6000 88.8100 47.0500 67.5600 62.5500 61.5700 67.2700 67.5600 13.2500
248 8.1000 9.3800 6.5900 3.5700 3.8100 53.1700 50.2300 80.0000 45.4500 75.6000 88.8100 47.0500 67.5600 62.5500 61.5700 67.2700 67.5600 13.2500
249 8.1000 9.3800 6.5900 3.5700 3.8100 53.1700 50.2300 80.0000 45.4500 75.6000 88.8100 47.0500 67.5600 62.5500 61.5700 67.2700 67.5600 13.2500
250 8.1000 9.3800 6.5900 3.5700 3.8100 53.1700 50.2300 80.0000 45.4500 75.6000 88.8100 47.0500 67.5600 62.5500 61.5700 67.2700 67.5600 13.2500
251 8.1000 9.3800 6.5900 3.5700 3.8100 53.1700 50.2300 80.0000 45.4500 75.6000 88.8100 47.0500 67.5600 62.5500 61.5700 67.2700 67.5600 13.2500
252 8.1000 9.3800 6.5900 3.5700 3.8100 53.1700 50.2300 80.0000 45.4500 75.6000 88.8100 47.0500 67.5600 62.5500 61.5700 67.2700 67.5600 13.2500
253 8.1000 9.3800 6.5900 3.5700 3.8100 53.1700 50.2300 80.0000 45.4500 75.6000 88.8100 47.0500 67.5600 62.5500 61.5700 67.2700 67.5600 13.2500
257 8.1000 9.3800 6.5900 3.5700 3.8100 53.1700 50.2300 80.0000 45.4500 75.6000 88.8100 47.0500 67.5600 62.5500 61.5700 67.2700 67.5600 13.2500
258 8.1000 9.3800 6.5900 3.5700 3.8100 53.1700 50.2300 80.0000 45.4500 75.6000 88.8100 47.0500 67.5600 62.5500 61.5700 67.2700 67.5600 13.2500
259 8.1000 9.3800 6.5900 3.5700 3.8100 53.1700 50.2300 80.0000 45.4500 75.6000 88.8100 47.0500 67.5600 62.5500 61.5700 67.2700 67.5600 13.2500
263 8.1000 9.3800 6.5900 3.5700 3.8100 53.1700 50.2300 80.0000 45.4500 75.6000 88.8100 47.0500 67.5600 62.5500 61.5700 67.2700 67.5600 13.2500
264 8.1000 9.3800 6.5900 3.5700 3.8100 53.1700 50.2300 80.0000 45.4500 75.6000 88.8100 47.0500 67.5600 62.5500 61.5700 67.2700 67.5600 13.2500
265 8.1000 9.3800 6.5900 3.5700 3.8100 53.1700 50.2300 80.0000 45.4500 75.6000 88.8100 47.0500 67.5600 62.5500 61.5700 67.2700 67.5600 13.2500
266 8.1000 9.3800 6.5900 3.5700 3.8100 53.1700 50.2300 80.0000 45.4500 75.6000 88.8100 47.0500 67.5600 62.5500 61.5700 67.2700 67.5600 13.2500
267 8.1000 9.3800 6.5900 3.5700 3.8100 53.1700 50.2300 80.0000 45.4500 75.6000 88.8100 47.0500 67.5600 62.5500 61.5700 67.2700 67.5600 13.2500
268 8.1000 9.3800 6.5900 3.5700 3.8100 53.1700 50.2300 80.0000 45.4500 75.6000 88.8100 47.0500 67.5600 62.5500 61.5700 67.2700 67.5600 13.2500
269 8.1000 9.3800 6.5900 3.5700 3.8100 53.1700 50.2300 80.0000 45.4500 75.6000 88.8100 47.0500 67.5600 62.5500 61.5700 67.2700 67.5600 13.2500
270 8.1000 9.3800 6.5900 3.5700 3.8100 53.1700 50.2300 80.0000 45.4500 75.6000 88.8100 47.0500 67.5600 62.5500 61.5700 67.2700 67.5600 13.2500
271 8.1000 9.3800 6.5900 3.5700 3.8100 53.1700 50.2300 80.0000 45.4500 75.6000 88.8100 47.0500 67.5600 62.5500 61.5700 67.2700 67.5600 13.2500
272 8.1000 9.3800 6.5900 3.5700 3.8100 53.1700 50.2300 80.0000 45.4500 75.6000 88.8100 47.0500 67.5600 62.5500 61.5700 67.2700 67.5600 13.2500
273 8.1000 9.3800 6.5900 3.5700 3.8100 53.1700 50.2300 80.0000 45.4500 75.6000 88.8100 47.0500 67.5600 62.5500 61.5700 67.2700 67.5600 13.2500
274 8.1000 9.3800 6.5900 3.5700 3.8100 53.1700 50.2300 80.0000 45.4500 75.6000 88.8100 47.0500 67.5600 62.5500 61.5700 67.2700 67.5600 13.2500
276 8.1000 9.3800 6.5900 3.5700 3.8100 53.1700 50.2300 80.0000 45.4500 75.6000 88.8100 47.0500 67.5600 62.5500 61.5700 67.2700 67.5600 13.2500
277 8.1000 9.3800 6.5900 3.5700 3.8100 53.1700 50.2300 80.0000 45.4500 75.6000 88.8100 47.0500 67.5600 62.5500 61.5700 67.2700 67.5600 13.2500
279 8.1000 9.3800 6.5900 3.5700 3.8100 53.1700 50.2300 80.0000 45.4500 75.6000 88.8100 47.0500 67.5600 62.5500 61.5700 67.2700 67.5600 13.2500
280 8.1000 9.3800 6.5900 3.5700 3.8100 53.1700 50.2300 80.0000 45.4500 75.6000 88.8100 47.0500 67.5600 62.5500 61.5700 67.2700 67.5600 13.2500
281 8.1000 9.3800 6.5900 3.5700 3.8100 53.1700 50.2300 80.0000 45.4500 75.6000 88.8100 47.0500 67.5600 62.5500 61.5700 67.2700 67.5600 13.2500
282 8.1000 9.3800 6.5900 3.5700 3.8100 53.1700 50.2300 80.0000 45.4500 75.6000 88.8100 47.0500 67.5600 62.5500 61.5700 67.2700 67.5600 13.2500
284 8.1000 9.3800 6.5900 3.5700 3.8100 53.1700 50.2300 80.0000 45.4500 75.6000 88.8100 47.0500 67.5600 62.5500 61.5700 67.2700 67.5600 13.2500
287 8.1000 9.3800 6.5900 3.5700 3.8100 53.1700 50.2300 80.0000 45.4500 75.6000 88.8100 47.0500 67.5600 62.5500 61.5700 67.2700 67.5600 13.2500
288 8.1000 9.3800 6.5900 3.5700 3.8100 53.1700 50.2300 80.0000 45.4500 75.6000 88.8100 47.0500 67.5600 62.5500 61.5700 67.2700 67.5600 13.2500
290 8.1000 9.3800 6.5900 3.5700 3.8100 53.1700 50.2300 80.0000 45.4500 75.6000 88.8100 47.0500 67.5600 62.5500 61.5700 67.2700 67.5600 13.2500
291 8.1000 9.3800 6.5900 3.5700 3.8100 53.1700 50.2300 80.0000 45.4500 75.5800 88.8100 47.0500 67.5600 62.5500 61.5700 67.2700 67.5600 13.2500
292 8.1000 9.3800 6.5900 3.5700 3.8100 53.1700 50.2300 80.0000 45.4500 75.5800 88.8100 47.0500 67.5600 62.5500 61.5700 67.2700 67.5600 13.2500
293 8.1000 9.3800 6.5900 3.5700 3.8100 53.1700 50.2300 80.0000 45.4500 75.5800 88.8100 47.0500 67.5600 62.5500 61.5700 67.2700 67.5600 13.2500
295 8.1000 9.3800 6.5900 3.5700 3.8100 52.9000 50.2300 80.0000 45.4500 75.5800 88.8100 47.0500 67.5600 62.5500 61.5700 67.2700 67.5600 13.2500
296 8.1000 9.3800 6.5900 3.5700 3.8100 52.9000 50.2300 80.0000 45.4500 75.5800 88.8100 47.0500 67.5600 62.5500 61.5700 67.2700 67.5600 13.2500
297 8.1000 9.3800 6.5900 3.5700 3.8100 52.9000 50.2300 80.0000 45.4500 75.5800 88.8100 47.0500 67.5600 62.5500 61.5700 67.2700 67.5600 13.2500
299 8.1000 9.3800 6.5900 3.5700 3.8100 52.9000 50.2300 80.0000 45.4500 75.5800 88.8100 47.0500 67.5600 62.5500 61.5700 67.2700 67.5600 13.2500
300 8.1000 9.3800 6.5900 3.5700 3.8100 52.9000 49.9900 80.0000 45.4500 75.5800 88.8100 47.0500 67.5600 62.5500 61.5700 67.2700 67.5600 13.2500
301 8.1000 9.3800 6.5900 3.5700 3.8100 52.9000 49.9900 80.0000 45.4500 75.5800 88.8100 47.0500 67.5600 62.5500 61.5700 67.2700 67.5600 13.2500
308 8.1000 9.3800 6.5900 3.5700 3.8100 52.9000 49.9900 80.0000 45.4500 75.5800 88.8100 47.0500 67.5600 62.5500 61.5700 67.2700 67.5600 13.2500
309 8.1000 9.3800 6.5900 3.5700 3.8100 52.9000 49.9900 80.0000 45.4500 75.5800 88.8100 47.0500 67.5600 62.5500 61.5700 67.2700 67.5600 13.2500
310 8.1000 9.3800 6.5900 3.5700 3.8100 52.9000 49.9900 80.0000 45.4500 75.5800 88.8100 47.0500 67.5600 62.5500 61.5700 67.2700 67.5600 13.2500
313 8.1000 9.3800 6.5900 3.5700 3.8100 52.9000 49.9900 80.0000 45.4500 75.5800 88.8100 47.0500 67.5600 62.5500 61.5700 67.2700 67.5600 13.2500
314 8.1000 9.3800 6.5900 3.5700 3.8100 52.9000 49.9900 80.0000 45.4500 75.5800 88.8100 47.0500 67.5600 62.5500 61.5700 67.2700 67.5600 13.2500
315 8.1000 9.3800 6.5900 3.5700 3.8100 52.9000 49.9900 80.0000 45.4500 75.5800 88.8100 47.0500 67.5600 62.5500 61.5700 67.2700 67.5600 13.2500
316 8.1000 9.3800 6.5900 3.5700 3.8100 52.9000 49.9900 80.0000 45.4500 75.5800 88.8100 47.0500 67.5600 62.5500 61.5700 67.2700 67.5600 13.2500
317 8.1000 9.3800 6.5900 3.5700 3.8100 52.9000 49.9900 80.0000 45.4500 75.5800 88.8100 47.0500 67.5600 62.5500 61.5700 67.2700 67.5600 13.2500
319 8.1000 9.3800 6.5900 3.5700 3.8100 52.9000 49.9900 80.0000 45.4500 75.5800 88.8100 47.0500 67.5600 62.5500 61.5700 67.2700 67.5600 13.2500
321 8.1000 9.3800 6.5900 3.5700 3.8100 52.9000 49.9900 80.0000 45.4500 75.5800 88.8100 47.0500 67.5600 62.5500 61.5700 67.2700 67.5600 13.2500
322 8.1000 9.3800 6.5900 3.5700 3.8100 52.9000 49.9900 80.0000 45.4500 75.5800 88.8100 47.0500 67.5600 62.5500 61.5700 67.2700 67.5600 13.2500
325 8.1000 9.3800 6.5900 3.5700 3.8100 52.9000 49.9900 80.0000 45.4500 75.5800 88.8100 47.0500 67.5600 62.5500 61.5700 67.2700 67.5600 13.2500
326 8.1000 9.3800 6.5900 3.5700 3.8100 52.9000 49.9900 80.0000 45.4500 75.5800 88.8100 47.0500 67.5600 62.5500 61.5700 67.2700 67.5600 13.2500
327 8.1000 9.3800 6.5900 3.5700 3.8100 52.9000 49.9900 80.0000 45.4500 75.5800 88.8100 47.0500 67.5600 62.5500 61.5700 67.2700 67.5600 13.2500
328 8.1000 9.3800 6.5900 3.5700 3.8100 52.9000 49.9900 80.0000 45.4500 75.5800 88.8100 47.0500 67.5600 62.5500 61.5700 67.2700 67.5600 13.2500
329 8.1000 9.3800 6.5900 3.5700 3.8100 52.9000 49.9900 80.0000 45.4500 75.5800 88.8100 47.0500 67.5600 62.5500 61.5700 67.2700 67.5600 13.2500
330 8.1000 9.3800 6.5900 3.5700 3.8100 52.9000 49.9900 80.0000 45.4500 75.5800 88.8100 47.0500 67.5600 62.5500 61.5700 67.2700 67.5600 13.2500
331 8.1000 9.3800 6.5900 3.5700 3.8100 52.9000 49.9900 80.0000 45.4500 75.5800 88.8100 47.0500 67.5600 62.5500 61.5700 67.2700 67.5600 13.2500
332 8.1000 9.3800 6.5900 3.5700 3.8100 52.9000 49.9900 80.0000 45.4500 75.5800 88.8100 47.0500 67.5600 62.5500 61.5700 67.2700 67.5600 13.2500
333 8.1000 9.3800 6.5900 3.5700 3.8100 52.9000 49.9900 80.0000 45.4500 75.5800 88.8100 47.0500 67.5600 62.5500 61.5700 67.2700 67.5600 13.2500
334 8.1000 9.3800 6.5900 3.5700 3.8100 52.9000 49.9900 80.0000 45.4500 75.5800 88.8100 47.0500 67.5600 62.5500 61.5700 67.2700 67.5600 13.2500
335 8.1000 9.3800 6.5900 3.5700 3.8100 52.9000 49.9900 80.0000 45.4500 75.5800 88.8100 47.0500 67.5600 62.5500 61.5700 67.2700 67.5600 13.2500
338 8.1000 9.3800 6.5900 3.5700 3.8100 52.9000 49.9900 80.0000 45.4500 75.5800 88.8100 47.0500 67.5600 62.5500 61.5700 67.2700 67.5600 13.2500
339 8.1000 9.3800 6.5900 3.5700 3.8100 52.9000 49.9900 80.0000 45.4500 75.5800 88.8100 47.0500 67.5600 62.5500 61.5700 67.2700 67.5600 13.2500
341 8.1000 9.3800 6.5900 3.5700 3.8100 52.9000 49.9900 80.0000 45.4500 75.5800 88.8100 47.0500 67.5600 62.5500 61.5700 67.2700 67.5600 13.2500
342 8.1000 9.3800 6.5900 3.5700 3.8100 52.9000 49.9900 80.0000 45.4500 75.5800 88.8100 47.0500 67.5600 62.5500 61.5700 67.2700 67.5600 13.2500
343 8.1000 9.3800 6.5900 3.5700 3.8100 52.9000 49.9900 80.0000 45.4500 75.5800 88.8100 47.0500 67.5600 62.5500 61.5700 67.2700 67.5600 13.2500
347 8.1000 9.3800 6.5900 3.5700 3.8100 52.9000 49.9900 80.0000 45.4500 75.5800 88.8100 47.0500 67.5600 62.5500 61.5700 67.2700 67.5600 13.2500
351 8.1000 9.3800 6.5900 3.5700 3.8100 52.9000 49.9900 80.0000 45.4500 75.4400 88.8100 47.0500 67.5600 62.5500 61.5700 67.2700 67.5600 13.2500
353 8.1000 9.3800 6.5900 3.5700 3.8100 52.9000 49.9900 80.0000 45.4500 75.4400 88.8100 47.0500 67.5600 62.5500 61.5700 67.2700 67.5600 13.2500
354 8.1000 9.3800 6.5900 3.5700 3.8100 52.9000 49.9900 80.0000 45.4500 75.4400 88.8100 47.0500 67.5600 62.5500 61.5700 67.2700 67.5600 13.2500
356 8.1000 9.3800 6.5900 3.5700 3.8100 52.5500 49.9900 80.0000 45.4500 75.4400 88.8100 47.0500 67.5600 62.5500 61.5700 67.2700 67.5600 13.2500
359 8.1000 9.3800 6.5900 3.5700 3.8100 52.5500 49.9900 80.0000 45.4500 75.4400 88.8100 47.0500 67.5600 62.5500 61.5700 67.2700 67.5600 13.2500
362 8.1000 9.3800 6.5900 3.5700 3.8100 52.5500 49.7700 80.0000 45.4500 75.4400 88.8100 47.0500 67.5600 62.5500 61.5700 67.2700 67.5600 13.2500
363 8.1000 9.3800 6.5900 3.5700 3.8100 52.5500 49.7700 80.0000 45.4500 75.4400 88.8100 47.0500 67.5600 62.5500 61.5700 67.2700 67.5600 13.2500
366 8.1000 9.3800 6.5900 3.5700 3.8100 52.5500 49.7700 80.0000 45.4500 75.4400 88.8100 47.0500 67.5600 62.5500 61.5700 67.2700 67.5600 13.2500
369 8.1000 9.3800 6.5900 3.5700 3.8100 52.5500 49.7700 80.0000 45.4500 75.4400 88.8100 47.0500 67.5600 62.5500 61.5700 67.2700 67.5600 13.2500
370 8.1000 9.3800 6.5900 3.5700 3.8100 52.5500 49.7700 80.0000 45.4500 75.4400 88.8100 47.0500 67.5600 62.5500 61.5700 67.2700 67.5600 13.2500
371 8.1000 9.3800 6.5900 3.5700 3.8100 52.5500 49.7700 80.0000 45.4500 75.4400 88.8100 47.0500 67.5600 62.5500 61.5700 67.2700 67.5600 13.2500
372 8.1000 9.3800 6.5900 3.5700 3.8100 52.5500 49.7700 80.0000 45.4500 75.4400 88.8100 47.0500 67.5600 62.5500 61.5700 67.2700 67.5600 13.2500
376 8.1000 9.3800 6.5900 3.5700 3.8100 52.5500 49.7700 80.0000 45.4500 75.4400 88.8100 47.0500 67.5600 62.5500 61.5700 67.2700 67.5600 13.2500
377 8.1000 9.3800 6.5900 3.5700 3.8100 52.5500 49.7700 80.0000 45.4500 75.4400 88.8100 47.0500 67.5600 62.5500 61.5700 67.2700 67.5600 13.2500
383 8.1000 9.3800 6.5900 3.5700 3.8100 52.5500 49.7700 80.0000 45.4500 75.4400 88.8100 47.0500 67.5600 62.5500 61.5700 67.2700 67.5600 13.2500
386 8.1000 9.3800 6.5900 3.5700 3.8100 52.5500 49.7700 80.0000 45.4500 75.4400 88.8100 47.0500 67.5600 62.5500 61.5700 67.2700 67.5600 13.2500
388 8.1000 9.3800 6.5900 3.5700 3.8100 52.5500 49.7700 80.0000 45.4500 75.4400 88.8100 47.0500 67.5600 62.5500 61.5700 67.2700 67.5600 13.2500
389 8.1000 9.3800 6.5900 3.5700 3.8100 52.5500 49.7700 80.0000 45.4500 75.4400 88.8100 47.0500 67.5600 62.5500 61.5700 67.2700 67.5600 13.2500
390 8.1000 9.3800 6.5900 3.5700 3.8100 52.5500 49.7700 80.0000 45.4500 75.4400 88.8100 47.0500 67.5600 62.5500 61.5700 67.2700 67.5600 13.2500
391 8.1000 9.3800 6.5900 3.5700 3.8100 52.5500 49.7700 80.0000 45.4500 75.4400 88.8100 47.0500 67.5600 62.5500 61.5700 67.2700 67.5600 13.2500
392 8.1000 9.3800 6.5900 3.5700 3.8100 52.5500 49.7700 80.0000 45.4500 75.4400 88.8100 47.0500 67.5600 62.5500 61.5700 67.2700 67.5600 13.2500
393 8.1000 9.3800 6.5900 3.5700 3.8100 52.5500 49.7700 80.0000 45.4500 75.4400 88.8100 47.0500 67.5600 62.5500 61.5700 67.2700 67.5600 13.2500
394 8.1000 9.3800 6.5900 3.5700 3.8100 52.5500 49.7700 80.0000 45.4500 75.4400 88.8100 47.0500 67.5600 62.5500 61.5700 67.2700 67.5600 13.2500
397 8.1000 9.3800 6.5900 3.5700 3.8100 52.5500 49.7700 80.0000 45.4500 75.4400 88.8100 47.0500 67.5600 62.5500 61.5700 67.2700 67.5600 13.2500
398 8.1000 9.3800 6.5900 3.5700 3.8100 52.5500 49.7700 80.0000 45.4500 75.4400 88.8100 47.0500 67.5600 62.5500 61.5700 67.2700 67.5600 13.2500
399 8.1000 9.3800 6.5900 3.5700 3.8100 52.5500 49.7700 80.0000 45.4500 75.4400 88.8100 47.0500 67.5600 62.5500 61.5700 67.2700 67.5600 13.2500
400 8.1000 9.3800 6.5900 3.5700 3.8100 52.5500 49.7700 80.0000 45.4500 75.4400 88.8100 47.0500 67.5600 62.5500 61.5700 67.2700 67.5600 13.2500
401 8.1000 9.3800 6.5900 3.5700 3.8100 52.5500 49.7700 80.0000 45.4500 75.4400 88.8100 47.0500 67.5600 62.5500 61.5700 67.2700 67.5600 13.2500
402 8.1000 9.3800 6.5900 3.5700 3.8100 52.5500 49.7700 80.0000 45.4500 75.4400 88.8100 47.0500 67.5600 62.5500 61.5700 67.2700 67.5600 13.2500
403 8.1000 9.3800 6.5900 3.5700 3.8100 52.5500 49.7700 80.0000 45.4500 75.4400 88.8100 47.0500 67.5600 62.5500 61.5700 67.2700 67.5600 13.2500
404 8.1000 9.3800 6.5900 3.5700 3.8100 52.5500 49.7700 80.0000 45.4500 75.4400 88.8100 47.0500 67.5600 62.5500 61.5700 67.2700 67.5600 13.2500
405 8.1000 9.3800 6.5900 3.5700 3.8100 52.5500 49.7700 80.0000 45.4500 75.4400 88.8100 47.0500 67.5600 62.5500 61.5700 67.2700 67.5600 13.2500
406 8.1000 9.3800 6.5900 3.5700 3.8100 52.5500 49.7700 80.0000 45.4500 75.4400 88.8100 47.0500 67.5600 62.5500 61.5700 67.2700 67.5600 13.2500
407 8.1000 9.3800 6.5900 3.5700 3.8100 52.5500 49.7700 80.0000 45.4500 75.4400 88.8100 47.0500 67.5600 62.5500 61.5700 67.2700 67.5600 13.2500
408 8.1000 9.3800 6.5900 3.5700 3.8100 52.5500 49.7700 80.0000 45.4500 75.4400 88.8100 47.0500 67.5600 62.5500 61.5700 67.2700 67.5600 13.2500
409 8.1000 9.3800 6.5900 3.5700 3.8100 52.5500 49.7700 80.0000 45.4500 75.4400 88.8100 47.0500 67.5600 62.5500 61.5700 67.2700 67.5600 13.2500
411 8.1000 9.3800 6.5900 3.5700 3.8100 52.5500 49.7700 80.0000 45.4500 75.2700 88.8100 47.0500 67.5600 62.5500 61.5700 67.2700 67.5600 13.2500
412 8.1000 9.3800 6.5900 3.5700 3.8100 52.5500 49.7700 80.0000 45.4500 75.2700 88.8100 47.0500 67.5600 62.5500 61.5700 67.2700 67.5600 13.2500
413 8.1000 9.3800 6.5900 3.5700 3.8100 52.5500 49.7700 80.0000 45.4500 75.2700 88.8100 47.0500 67.5600 62.5500 61.5700 67.2700 67.5600 13.2500
414 8.1000 9.3800 6.5900 3.5700 3.8100 52.5500 49.7700 80.0000 45.4500 75.2700 88.8100 47.0500 67.5600 62.5500 61.5700 67.2700 67.5600 13.2500
415 8.1000 9.3800 6.5900 3.5700 3.8100 52.5500 49.7700 80.0000 45.4500 75.2700 88.8100 47.0500 67.5600 62.5500 61.5700 67.2700 67.5600 13.2500
418 8.1000 9.3800 6.5900 3.5700 3.8100 52.5500 49.7700 80.0000 45.4500 75.2700 88.8100 47.0500 67.5600 62.5500 61.5700 67.2700 67.5600 13.2500
420 8.1000 9.3800 6.5900 3.5700 3.8100 52.5500 49.7700 80.0000 45.4500 75.2700 88.8100 47.0500 67.5600 62.5500 61.5700 67.2700 67.5600 13.2500
422 8.1000 9.3800 6.5900 3.5700 3.8100 52.5500 49.7700 80.0000 45.4500 75.2700 88.8100 47.0500 67.5600 62.5500 61.5700 67.2700 67.5600 13.2500
424 8.1000 9.3800 6.5900 3.5700 3.8100 52.5500 49.7700 80.0000 45.4500 75.2700 88.8100 47.0500 67.5600 62.5500 61.5700 67.2700 67.5600 13.2500
425 8.1000 9.3800 6.5900 3.5700 3.8100 52.5500 49.7700 80.0000 45.4500 75.2700 88.8100 47.0500 67.5600 62.5500 61.5700 67.2700 67.5600 13.2500
426 8.1000 9.3800 6.5900 3.5700 3.8100 52.5500 49.7700 80.0000 45.4500 75.2700 88.8100 47.0500 67.5600 62.5500 61.5700 67.2700 67.5600 13.2500
427 8.1000 9.3800 6.5900 3.5700 3.8100 52.5500 49.7700 80.0000 45.4500 75.2700 88.8100 47.0500 67.5600 62.5500 61.5700 67.2700 67.5600 13.2500
430 8.1000 9.3800 6.5900 3.5700 3.8100 52.5500 49.7700 80.0000 45.4500 75.2700 88.8100 47.0500 67.5600 62.5500 61.5700 67.2700 67.5600 13.2500
431 8.1000 9.3800 6.5900 3.5700 3.8100 52.5500 49.7700 80.0000 45.4500 75.2700 88.8100 47.0500 67.5600 62.5500 61.5700 67.2700 67.5600 13.2500
433 8.1000 9.3800 6.5900 3.5700 3.8100 52.5500 49.7700 80.0000 45.4500 75.2700 88.8100 47.0500 67.5600 62.5500 61.5700 67.2700 67.5600 13.2500
434 8.1000 9.3800 6.5900 3.5700 3.8100 52.5500 49.7700 80.0000 45.4500 75.2700 88.8100 47.0500 67.5600 62.5500 61.5700 67.2700 67.5600 13.2500
437 8.1000 9.3800 6.5900 3.5700 3.8100 52.0400 49.7700 80.0000 45.4500 75.2700 88.8100 47.0500 67.5600 62.5500 61.5700 67.2700 67.5600 13.2500
439 8.1000 9.3800 6.5900 3.5700 3.8100 52.0400 49.7700 80.0000 45.4500 75.2700 88.8100 47.0500 67.5600 62.5500 61.5700 67.2700 67.5600 13.2500
442 8.1000 9.3800 6.5900 3.5700 3.8100 52.0400 49.5400 80.0000 45.4500 75.2700 88.8100 47.0500 67.5600 62.5500 61.5700 67.2700 67.5600 13.2500
443 8.1000 9.3800 6.5900 3.5700 3.8100 52.0400 49.5400 80.0000 45.4500 75.2700 88.8100 47.0500 67.5600 62.5500 61.5700 67.2700 67.5600 13.2500
445 8.1000 9.3800 6.5900 3.5700 3.8100 52.0400 49.5400 80.0000 45.4500 75.2700 88.8100 47.0500 67.5600 62.5500 61.5700 67.2700 67.5600 13.2500
446 8.1000 9.3800 6.5900 3.5700 3.8100 52.0400 49.5400 80.0000 45.4500 75.2700 88.8100 47.0500 67.5600 62.5500 61.5700 67.2700 67.5600 13.2500
448 8.1000 9.3800 6.5900 3.5700 3.8100 52.0400 49.5400 80.0000 45.4500 75.2700 88.8100 47.0500 67.5600 62.5500 61.5700 67.2700 67.5600 13.2500
450 8.1000 9.3800 6.5900 3.5700 3.8100 52.0400 49.5400 80.0000 45.4500 75.2700 88.8100 47.0500 67.5600 62.5500 61.5700 67.2700 67.5600 13.2500
452 8.1000 9.3800 6.5900 3.5700 3.8100 52.0400 49.5400 80.0000 45.4500 75.2700 88.8100 47.0500 67.5600 62.5500 61.5700 67.2700 67.5600 13.2500
453 8.1000 9.3800 6.5900 3.5700 3.8100 52.0400 49.5400 80.0000 45.4500 75.2700 88.8100 47.0500 67.5600 62.5500 61.5700 67.2700 67.5600 13.2500
454 8.1000 9.3800 6.5900 3.5700 3.8100 52.0400 49.5400 80.0000 45.4500 75.2700 88.8100 47.0500 67.5600 62.5500 61.5700 67.2700 67.5600 13.2500
455 8.1000 9.3800 6.5900 3.5700 3.8100 52.0400 49.5400 80.0000 45.4500 75.2700 88.8100 47.0500 67.5600 62.5500 61.5700 67.2700 67.5600 13.2500
456 8.1000 9.3800 6.5900 3.5700 3.8100 52.0400 49.5400 80.0000 45.4500 75.2700 88.8100 47.0500 67.5600 62.5500 61.5700 67.2700 67.5600 13.2500
457 8.1000 9.3800 6.5900 3.5700 3.8100 52.0400 49.5400 80.0000 45.4500 75.2700 88.8100 47.0500 67.5600 62.5500 61.5700 67.2700 67.5600 13.2500
459 8.1000 9.3800 6.5900 3.5700 3.8100 52.0400 49.5400 80.0000 45.4500 75.2700 88.8100 47.0500 67.5600 62.5500 61.5700 67.2700 67.5600 13.2500
460 8.1000 9.3800 6.5900 3.5700 3.8100 52.0400 49.5400 80.0000 45.4500 75.2700 88.8100 47.0500 67.5600 62.5500 61.5700 67.2700 67.5600 13.2500
462 8.1000 9.3800 6.5900 3.5700 3.8100 52.0400 49.5400 80.0000 45.4500 75.2700 88.8100 47.0500 67.5600 62.5500 61.5700 67.2700 67.5600 13.2500
463 8.1000 9.3800 6.5900 3.5700 3.8100 52.0400 49.5400 80.0000 45.4500 75.2700 88.8100 47.0500 67.5600 62.5500 61.5700 67.2700 67.5600 13.2500
464 8.1000 9.3800 6.5900 3.5700 3.8100 52.0400 49.5400 80.0000 45.4500 75.2700 88.8100 47.0500 67.5600 62.5500 61.5700 67.2700 67.5600 13.2500
467 8.1000 9.3800 6.5900 3.5700 3.8100 52.0400 49.5400 80.0000 45.4500 75.2700 88.8100 47.0500 67.5600 62.5500 61.5700 67.2700 67.5600 13.2500
470 8.1000 9.3800 6.5900 3.5700 3.8100 52.0400 49.5400 80.0000 45.4500 75.2700 88.8100 47.0500 67.5600 62.5500 61.5700 67.2700 67.5600 13.2500
471 8.1000 9.3800 6.5900 3.5700 3.8100 52.0400 49.5400 80.0000 45.4500 75.2700 88.8100 47.0500 67.5600 62.5500 61.5700 67.2700 67.5600 13.2500
472 8.1000 9.3800 6.5900 3.5700 3.8100 52.0400 49.5400 80.0000 45.4500 75.2700 88.8100 47.0500 67.5600 62.5500 61.5700 67.2700 67.5600 13.2500
474 8.1000 9.3800 6.5900 3.5700 3.8100 52.0400 49.5400 80.0000 45.4500 75.2700 88.8100 47.0500 67.5600 62.5500 61.5700 67.2700 67.5600 13.2500
475 8.1000 9.3800 6.5900 3.5700 3.8100 52.0400 49.5400 80.0000 45.4500 75.2700 88.8100 47.0500 67.5600 62.5500 61.5700 67.2700 67.5600 13.2500
476 8.1000 9.3800 6.5900 3.5700 3.8100 52.0400 49.5400 80.0000 45.4500 75.2300 88.8100 47.0500 67.5600 62.5500 61.5700 67.2700 67.5600 13.2500
477 8.1000 9.3800 6.5900 3.5700 3.8100 52.0400 49.5400 80.0000 45.4500 75.2300 88.8100 47.0500 67.5600 62.5500 61.5700 67.2700 67.5600 13.2500
478 8.1000 9.3800 6.5900 3.5700 3.8100 52.0400 49.5400 80.0000 45.4500 75.2300 88.8100 47.0500 67.5600 62.5500 61.5700 67.2700 67.5600 13.2500
481 8.1000 9.3800 6.5900 3.5700 3.8100 52.0400 49.5400 80.0000 45.4500 75.2300 88.8100 47.0500 67.5600 62.5500 61.5700 67.2700 67.5600 13.2500
482 8.1000 9.3800 6.5900 3.5700 3.8100 52.0400 49.5400 80.0000 45.4500 75.2300 88.8100 47.0500 67.5600 62.5500 61.5700 67.2700 67.5600 13.2500
485 8.1000 9.3800 6.5900 3.5700 3.8100 52.0400 49.5400 80.0000 45.4500 75.2300 88.8100 47.0500 67.5600 62.5500 61.5700 67.2700 67.5600 13.2500
487 8.1000 9.3800 6.5900 3.5700 3.8100 52.0400 49.5400 80.0000 45.4500 75.2300 88.8100 47.0500 67.5600 62.5500 61.5700 67.2700 67.5600 13.2500
489 8.1000 9.3800 6.5900 3.5700 3.8100 52.0400 49.5400 80.0000 45.4500 75.2300 88.8100 47.0500 67.5600 62.5500 61.5700 67.2700 67.5600 13.2500
490 8.1000 9.3800 6.5900 3.5700 3.8100 52.0400 49.5400 80.0000 45.4500 75.2300 88.8100 47.0500 67.5600 62.5500 61.5700 67.2700 67.5600 13.2500
491 8.1000 9.3800 6.5900 3.5700 3.8100 52.0400 49.5400 80.0000 45.4500 75.2300 88.8100 47.0500 67.5600 62.5500 61.5700 67.2700 67.5600 13.2500
495 8.1000 9.3800 6.5900 3.5700 3.8100 52.0400 49.5400 80.0000 45.4500 75.2300 88.8100 47.0500 67.5600 62.5500 61.5700 67.2700 67.5600 13.2500
496 8.1000 9.3800 6.5900 3.5700 3.8100 52.0400 49.5400 80.0000 45.4500 75.2300 88.8100 47.0500 67.5600 62.5500 61.5700 67.2700 67.5600 13.2500
497 8.1000 9.3800 6.5900 3.5700 3.8100 52.0400 49.5400 80.0000 45.4500 75.2300 88.8100 47.0500 67.5600 62.5500 61.5700 67.2700 67.5600 13.2500
498 8.1000 9.3800 6.5900 3.5700 3.8100 52.0400 49.5400 80.0000 45.4500 75.2300 88.8100 47.0500 67.5600 62.5500 61.5700 67.2700 67.5600 13.2500
499 8.1000 9.3800 6.5900 3.5700 3.8100 52.0400 49.5400 80.0000 45.4500 75.2300 88.8100 47.0500 67.5600 62.5500 61.5700 67.2700 67.5600 13.2500
504 8.1000 9.3800 6.5900 3.5700 3.8100 52.0400 49.5400 80.0000 45.4500 75.2300 88.8100 47.0500 67.5600 62.5500 61.5700 67.2700 67.5600 13.2500
505 8.1000 9.3800 6.5900 3.5700 3.8100 52.0400 49.5400 80.0000 45.4500 75.2300 88.8100 47.0500 67.5600 62.5500 61.5700 67.2700 67.5600 13.2500
512 8.1000 9.3800 6.5900 3.5700 3.8100 52.0400 49.5400 80.0000 45.4500 75.2300 88.8100 47.0500 67.5600 62.5500 61.5700 67.2700 67.5600 13.2500
513 8.1000 9.3800 6.5900 3.5700 3.8100 52.0400 49.5400 80.0000 45.4500 75.2300 88.8100 47.0500 67.5600 62.5500 61.5700 67.2700 67.5600 13.2500
515 8.1000 9.3800 6.5900 3.5700 3.8100 51.7500 49.5400 80.0000 45.4500 75.2300 88.8100 47.0500 67.5600 62.5500 61.5700 67.2700 67.5600 13.2500
518 8.1000 9.3800 6.5900 3.5700 3.8100 51.7500 49.5400 80.0000 45.4500 75.2300 88.8100 47.0500 67.5600 62.5500 61.5700 67.2700 67.5600 13.2500
519 8.1000 9.3800 6.5900 3.5700 3.8100 51.7500 49.5400 80.0000 45.4500 75.2300 88.8100 47.0500 67.5600 62.5500 61.5700 67.2700 67.5600 13.2500
521 8.1000 9.3800 6.5900 3.5700 3.8100 51.7500 49.5400 80.0000 45.4500 75.2300 88.8100 47.0500 67.5600 62.5500 61.5700 67.2700 67.5600 13.2500
527 8.1000 9.3800 6.5900 3.5700 3.8100 51.7500 49.5400 80.0000 45.4500 75.2300 88.8100 47.0500 67.5600 62.5500 61.5700 67.2700 67.5600 13.2500
528 8.1000 9.3800 6.5900 3.5700 3.8100 51.7500 49.5400 80.0000 45.4500 75.2300 88.8100 47.0500 67.5600 62.5500 61.5700 67.2700 67.5600 13.2500
529 8.1000 9.3800 6.5900 3.5700 3.8100 51.7500 49.5400 80.0000 45.4500 75.2300 88.8100 47.0500 67.5600 62.5500 61.5700 67.2700 67.5600 13.2500
531 8.1000 9.3800 6.5900 3.5700 3.8100 51.7500 49.5400 80.0000 45.4500 75.2300 88.8100 47.0500 67.5600 62.5500 61.5700 67.2700 67.5600 13.2500
532 8.1000 9.3800 6.5900 3.5700 3.8100 51.7500 49.5400 80.0000 45.4500 75.2300 88.8100 47.0500 67.5600 62.5500 61.5700 67.2700 67.2000 13.2500
536 8.1000 9.3800 6.5900 3.5700 3.8100 51.7500 49.5400 80.0000 45.4500 75.2300 88.8100 47.0500 67.5600 62.5500 61.5700 67.2700 67.2000 13.2500
537 8.1000 9.3800 6.5900 3.5700 3.8100 51.7500 49.5400 80.0000 45.4500 75.2300 88.8100 47.0500 67.5600 62.5500 61.5700 67.2700 67.2000 13.2500
547 8.1000 9.3800 6.5900 3.5700 3.8100 51.7500 49.5400 80.0000 45.4500 75.2300 88.8100 47.0500 67.5600 62.5500 61.5700 67.2700 67.2000 13.2500
549 8.1000 9.3800 6.5900 3.5700 3.8100 51.7500 49.5400 80.0000 45.4500 75.2300 88.8100 47.0500 67.5600 62.5500 61.5700 67.2700 67.2000 13.2500
551 8.1000 9.3800 6.5900 3.5700 3.8100 51.7500 49.5400 80.0000 45.4500 75.2300 88.8100 47.0500 67.5600 62.5500 61.5700 67.2700 67.2000 13.2500
553 8.1000 9.3800 6.5900 3.5700 3.8100 51.7500 49.5400 80.0000 45.4500 75.1500 88.8100 47.0500 67.5600 62.5500 61.5700 67.2700 67.2000 13.2500
557 8.1000 9.3800 6.5900 3.5700 3.8100 51.7500 49.5400 80.0000 45.4500 75.1500 88.8100 47.0500 67.5600 62.5500 61.5700 67.2700 67.2000 13.2500
558 8.1000 9.3800 6.5900 3.5700 3.8100 51.7500 49.5400 80.0000 45.4500 75.1500 88.8100 47.0500 67.5600 62.5500 61.5700 67.2700 67.2000 13.2500
560 8.1000 9.3800 6.5900 3.5700 3.8100 51.7500 49.5400 80.0000 45.4500 75.1500 88.8100 47.0500 67.5600 62.5500 61.5700 67.2700 67.2000 13.2500
562 8.1000 9.3800 6.5900 3.5700 3.8100 51.7500 49.5400 80.0000 45.4500 75.1500 88.8100 47.0500 67.5600 62.5500 61.5700 67.2700 67.2000 13.2500
563 8.1000 9.3800 6.5900 3.5700 3.8100 51.7500 49.5400 80.0000 45.4500 75.1500 88.8100 47.0500 67.5600 62.5500 61.5700 67.2700 67.2000 13.2500
570 8.1000 9.3800 6.5900 3.5700 3.8100 51.7500 49.5400 80.0000 45.4500 75.1500 88.8100 47.0500 67.5600 62.5500 61.5700 67.2700 67.2000 13.2500
571 8.1000 9.3800 6.5900 3.5700 3.8100 51.7500 49.5400 80.0000 45.4500 75.1500 88.8100 47.0500 67.5600 62.5500 61.5700 67.2700 67.2000 13.2500
573 8.1000 9.3800 6.5900 3.5700 3.8100 51.7500 49.5400 80.0000 45.4500 75.1500 88.8100 47.0500 67.5600 62.5500 61.5700 67.2700 67.2000 13.2500
574 8.1000 9.3800 6.5900 3.5700 3.8100 51.7500 49.5400 80.0000 45.4500 75.1500 88.8100 47.0500 67.5600 62.5500 61.5700 67.2700 67.2000 13.2500
576 8.1000 9.3800 6.5900 3.5700 3.8100 51.7500 49.5400 80.0000 45.4500 75.1500 88.8100 47.0500 67.5600 62.5500 61.5700 67.2700 67.2000 13.2500
579 8.1000 9.3800 6.5900 3.5700 3.8100 51.7500 49.5400 80.0000 45.4500 75.1500 88.8100 47.0500 67.5600 62.5500 61.5700 67.2700 67.2000 13.2500
580 8.1000 9.3800 6.5900 3.5700 3.8100 51.7500 49.5400 80.0000 45.4500 75.1500 88.8100 47.0500 67.5600 62.5500 61.5700 67.2700 67.2000 13.2500
583 8.1000 9.3800 6.5900 3.5700 3.8100 51.7500 49.5400 80.0000 45.4500 75.1500 88.8100 47.0500 67.5600 62.5500 61.5700 67.2700 67.2000 13.2500
590 8.1000 9.3800 6.5900 3.5700 3.8100 51.7500 49.5400 80.0000 45.4500 75.1500 88.8100 47.0500 67.5600 62.5500 61.5700 67.2700 67.2000 13.2500
593 8.1000 9.3800 6.5900 3.5700 3.8100 51.7500 49.5400 80.0000 45.4500 75.1500 88.8100 47.0500 67.5600 62.5500 61.5700 67.2700 67.2000 13.2500
599 8.1000 9.3800 6.5900 3.5700 3.8100 51.7500 49.5400 80.0000 45.4500 75.1500 88.8100 47.0500 67.5600 62.5500 61.5700 67.2700 67.2000 13.2500
600 8.1000 9.3800 6.5900 3.5700 3.8100 51.7500 49.5400 80.0000 45.4500 75.1500 88.8100 47.0500 67.5600 62.5500 61.5700 67.2700 67.2000 13.2500
