0 100.0000 100.0000 100.0000 100.0000 100.0000 100.0000 100.0000 100.0000 100.0000 100.0000 100.0000 100.0000 100.0000 100.0000 100.0000 100.0000 100.0000 100.0000 100.0000 100.0000 100.0000 100.0000 100.0000 100.0000 100.0000 100.0000 100.0000 100.0000 100.0000 100.0000 100.0000 100.0000 100.0000
1 6.3900 6.1700 3.9200 6.7700 8.6200 4.6200 3.5700 7.5800 3.6300 6.7300 29.0300 34.3700 16.7300 35.1100 12.5900 17.3300 20.9800 19.8300 34.9600 7.2000 12.0200 9.4100 32.4200 29.6400 19.6400 28.6300 37.5300 20.2200 12.4400 22.3900 52.9400 52.9400 9.4100
2 4.0100 3.1600 1.9600 4.2300 6.6300 3.9300 2.5000 6.2500 2.2700 4.2900 19.1900 23.1400 7.0200 20.8600 6.8600 3.6700 6.9800 9.7900 28.5900 1.3200 8.8800 1.8000 20.0100 11.5100 11.0600 21.0200 26.0000 14.5800 2.8900 5.2300 52.9400 52.9400 1.8000
3 3.5700 3.1600 1.9600 4.2300 5.7400 3.7000 2.1400 5.9500 2.2700 3.3600 18.2400 8.2000 3.1600 16.3600 1.3900 3.5900 3.5900 3.7800 15.1900 1.1100 2.2100 1.8000 13.5700 5.9000 5.7800 21.0200 19.7000 5.3000 1.9800 2.3800 47.4700 51.2600 1.8000
4 3.5700 3.1600 1.9600 4.2300 5.7400 3.7000 2.1400 5.9500 2.2700 3.3600 18.2400 4.3400 1.7400 13.5800 .5200 3.5900 2.1300 3.7300 8.9400 1.1100 2.1000 1.8000 13.3000 5.0900 4.7300 13.4800 18.2700 4.6500 1.7500 2.1300 41.5000 44.5400 1.8000
5 3.5700 3.1600 1.9600 4.2300 5.7400 3.7000 1.7800 5.9500 2.2700 3.3600 18.1800 3.8500 .3800 12.3000 .4400 3.5900 2.1300 3.7300 3.2000 1.1100 2.1000 1.8000 13.3000 5.0900 4.4400 8.2200 18.2700 4.5100 1.7500 2.1300 35.2900 38.3400 1.8000
6 3.5700 3.1600 1.9600 4.2300 5.7400 3.7000 1.7800 5.9500 1.8100 3.3600 18.1800 3.7500 .3800 12.3000 .4400 3.5900 2.1300 3.7300 2.7600 1.1100 2.1000 1.8000 13.3000 5.0900 4.2300 8.2200 18.2700 4.5100 1.6400 2.1300 35.2900 35.2900 1.8000
7 3.5700 3.1600 1.9600 4.2300 5.7400 3.7000 1.7800 5.9500 1.8100 3.3600 18.1800 3.7500 .3800 12.3000 .4400 3.5900 2.1300 3.7300 2.4500 1.1100 2.1000 1.8000 13.3000 5.0900 4.1400 7.4100 18.2700 4.4100 1.4900 2.1300 35.2900 35.2900 1.8000
8 3.5700 3.1600 1.9600 4.2300 5.7400 3.7000 1.7800 5.9500 1.8100 3.3600 18.1800 3.7500 .3100 12.3000 .4400 3.5900 2.1300 3.7300 2.3700 1.1100 2.1000 1.8000 13.3000 4.8400 4.1400 7.1900 18.2700 4.4100 1.1900 2.1300 35.2900 35.2900 1.8000
9 3.5700 3.1600 1.9600 4.2300 5.7400 3.7000 1.7800 5.9500 1.8100 3.3600 18.1800 3.7500 .1600 11.5100 .4400 3.5900 2.1300 3.7300 2.3200 1.1100 2.1000 1.8000 13.3000 4.8400 4.1400 7.1600 18.2700 4.4100 1.1900 2.1300 35.2900 35.2900 1.8000
10 3.5700 3.1600 1.9600 4.2300 5.7400 3.7000 1.7800 5.9500 1.8100 3.3600 18.1800 3.7500 .1600 11.5100 .4400 3.5900 2.1300 3.7300 2.3200 1.1100 2.1000 1.8000 13.3000 4.8400 4.1400 7.1600 18.2700 4.2100 1.1900 2.1300 35.2900 35.2900 1.8000
11 3.5700 3.1600 1.9600 4.2300 5.7400 3.7000 1.7800 5.9500 1.8100 3.3600 18.1800 3.7500 .1600 11.5100 .4400 3.5900 2.1300 3.7300 2.3200 1.1100 2.1000 1.8000 13.3000 4.8400 4.1400 7.1600 18.2700 4.2100 1.1900 2.1300 35.2900 35.2900 1.8000
12 3.5700 3.1600 1.9600 4.2300 5.7400 3.7000 1.7800 5.9500 1.8100 3.3600 18.1800 3.7500 .1600 11.5100 .4400 3.5900 2.1300 3.7300 2.3200 1.1100 2.1000 1.8000 13.3000 4.8400 4.1400 7.1600 18.2700 4.1600 1.1900 2.1300 35.2900 35.2900 1.8000
13 3.5700 3.1600 1.9600 4.2300 5.7400 3.7000 1.7800 5.9500 1.8100 3.3600 18.1800 3.7500 .1600 11.5100 .4400 3.5900 2.1300 3.7300 2.3200 1.1100 2.1000 1.8000 13.3000 4.8400 4.1400 7.1600 18.2700 4.1300 1.1900 2.1300 35.2900 35.2900 1.8000
14 3.5700 3.1600 1.9600 4.2300 5.7400 3.7000 1.7800 5.9500 1.8100 3.3600 18.1800 3.7500 .1500 11.5100 .4400 3.5900 2.1300 3.7300 2.2800 1.1100 2.1000 1.8000 13.3000 4.8400 4.1400 7.1600 18.2700 4.1300 1.1900 2.1300 35.2900 35.2900 1.8000
15 3.5700 3.1600 1.9600 4.2300 5.7400 3.7000 1.7800 5.9500 1.8100 3.3600 18.1800 3.7500 .1500 11.5100 .4400 3.5900 2.1300 3.7300 2.2300 1.1100 2.1000 1.8000 13.3000 4.8400 4.1400 7.1600 18.2700 4.1300 1.1900 2.1300 35.2900 35.2900 1.8000
16 3.5700 3.1600 1.9600 4.2300 5.7400 3.7000 1.7800 5.9500 1.8100 3.3600 18.1800 3.7500 .1300 11.5100 .4400 3.5900 2.1300 3.7300 2.2300 1.1100 2.1000 1.8000 13.3000 4.8400 4.1400 7.1600 18.2700 4.1300 1.1900 2.1300 35.2900 35.2900 1.8000
17 3.5700 3.1600 1.9600 4.2300 5.7400 3.7000 1.7800 5.9500 1.8100 3.3600 18.1800 3.7500 .1300 10.9300 .4400 3.5900 2.1300 3.7300 2.2300 1.1100 2.1000 1.8000 13.3000 4.8400 4.1400 7.1600 18.2700 4.1300 1.1900 2.1300 35.2900 35.2900 1.8000
18 3.5700 3.1600 1.9600 4.2300 5.7400 3.7000 1.7800 5.9500 1.8100 3.3600 18.1800 3.7500 .1300 10.9300 .4400 3.5900 2.1300 3.7300 2.2300 1.1100 2.1000 1.8000 13.3000 4.8400 4.1400 7.1600 18.2700 4.1300 1.1900 2.1300 35.2900 35.2900 1.8000
19 3.5700 3.1600 1.9600 4.2300 5.7400 3.7000 1.7800 5.9500 1.8100 3.3600 18.1800 3.7500 .1100 10.3700 .4400 3.5900 2.1300 3.7300 2.2300 1.1100 2.1000 1.8000 13.3000 4.8400 4.1400 7.1600 18.2700 4.1300 1.1900 2.1300 35.2900 35.2900 1.8000
20 3.5700 3.1600 1.9600 4.2300 5.7400 3.7000 1.7800 5.9500 1.8100 3.3600 18.1800 3.7500 .0700 10.3700 .4400 3.5900 2.1300 3.7300 2.2300 1.1100 2.1000 1.8000 13.3000 4.8400 4.1400 7.1600 18.2700 4.1300 1.1900 2.1300 35.2900 35.2900 1.8000
21 3.5700 3.1600 1.9600 4.2300 5.7400 3.7000 1.7800 5.9500 1.8100 3.3600 18.1800 3.7500 .0700 10.3700 .4400 3.5900 2.1300 3.7300 2.2300 1.1100 2.1000 1.8000 13.3000 4.8400 4.1400 7.1600 18.2700 4.1300 1.1900 2.1300 35.2900 35.2900 1.8000
22 3.5700 3.1600 1.9600 4.2300 5.7400 3.7000 1.7800 5.9500 1.8100 3.3600 18.1800 3.7500 .0700 9.8600 .4400 3.5900 2.1300 3.7300 2.2300 1.1100 2.1000 1.8000 13.3000 4.8400 4.1400 7.1600 18.2700 4.1300 1.1900 2.1300 35.2900 35.2900 1.8000
23 3.5700 3.1600 1.9600 4.2300 5.7400 3.7000 1.7800 5.9500 1.8100 3.3600 18.1800 3.7500 .0500 9.8600 .4400 3.5900 2.1300 3.7300 2.2300 1.1100 2.1000 1.8000 13.3000 4.8400 4.1400 7.1600 18.2700 4.1300 1.1900 2.1300 35.2900 35.2900 1.8000
24 3.5700 3.1600 1.9600 4.2300 5.7400 3.7000 1.7800 5.9500 1.8100 3.3600 18.1800 3.7500 .0500 9.8600 .4400 3.5900 2.1300 3.7300 2.2300 1.1100 2.1000 1.8000 13.3000 4.8400 4.1400 7.1600 18.2700 4.1300 1.1900 2.1300 35.2900 35.2900 1.8000
25 3.5700 3.1600 1.9600 4.2300 5.7400 3.7000 1.7800 5.9500 1.8100 3.3600 18.1800 3.7500 .0500 9.8600 .4400 3.5900 2.1300 3.7300 2.2300 1.1100 2.1000 1.8000 13.3000 4.8400 4.1400 7.1600 18.2700 4.1300 1.1900 2.1300 35.2900 35.2900 1.8000
26 3.5700 3.1600 1.9600 4.2300 5.7400 3.7000 1.7800 5.9500 1.8100 3.3600 18.1800 3.7500 .0300 9.3300 .4400 3.5900 2.1300 3.7300 2.2300 1.1100 2.1000 1.8000 13.3000 4.8400 4.1400 7.1600 18.2700 4.1300 1.1900 2.1300 35.2900 35.2900 1.8000
27 3.5700 3.1600 1.9600 4.2300 5.7400 3.7000 1.7800 5.9500 1.8100 3.3600 18.1800 3.7500 .0300 9.3300 .4400 3.5900 2.1300 3.7300 2.2300 1.1100 2.1000 1.8000 13.3000 4.8400 4.1400 7.1600 18.2700 4.1300 1.1900 2.1300 35.2900 35.2900 1.8000
28 3.5700 3.1600 1.9600 4.2300 5.7400 3.7000 1.7800 5.9500 1.8100 3.3600 18.1800 3.7500 .0300 9.3300 .4400 3.5900 2.1300 3.7300 2.2300 1.1100 2.1000 1.8000 13.3000 4.8400 4.1400 7.1600 18.2700 4.1300 1.1900 2.1300 35.2900 35.2900 1.8000
29 3.5700 3.1600 1.9600 4.2300 5.7400 3.7000 1.7800 5.9500 1.8100 3.3600 18.1800 3.7500 .0200 9.3300 .4400 3.5900 2.1300 3.7300 2.2300 1.1100 2.1000 1.8000 13.3000 4.8400 4.1400 7.1600 18.2700 4.1300 1.1900 2.1300 35.2900 35.2900 1.8000
30 3.5700 3.1600 1.9600 4.2300 5.7400 3.7000 1.7800 5.9500 1.8100 3.3600 18.1800 3.7500 .0200 8.8900 .4400 3.5900 2.1300 3.7300 2.2300 1.1100 2.1000 1.8000 13.3000 4.8400 4.1400 7.1600 18.2700 4.1300 1.1900 2.1300 35.2900 35.2900 1.8000
31 3.5700 3.1600 1.9600 4.2300 5.7400 3.7000 1.7800 5.9500 1.8100 3.3600 18.1800 3.7500 .0200 8.8900 .4400 3.5900 2.1300 3.7300 2.2300 1.1100 2.1000 1.8000 13.3000 4.8400 4.1400 7.1600 18.2700 4.1300 1.1900 2.1300 35.2900 35.2900 1.8000
32 3.5700 3.1600 1.9600 4.2300 5.7400 3.7000 1.7800 5.9500 1.8100 3.3600 18.1800 3.7500 .0200 8.8900 .4400 3.5900 2.1300 3.7300 2.2300 1.1100 2.1000 1.8000 13.3000 4.8400 4.1400 7.1600 18.2700 4.1300 1.1900 2.1300 35.2900 35.2900 1.8000
33 3.5700 3.1600 1.9600 4.2300 5.7400 3.7000 1.7800 5.9500 1.8100 3.3600 18.1800 3.7500 .0200 8.8900 .4400 3.5900 2.1300 3.7300 2.2300 1.1100 2.1000 1.8000 13.3000 4.8400 4.1400 7.1600 18.2700 4.1300 1.1900 2.1300 35.2900 35.2900 1.8000
34 3.5700 3.1600 1.9600 4.2300 5.7400 3.7000 1.7800 5.9500 1.8100 3.3600 18.1800 3.7500 .0100 8.8900 .4400 3.5900 2.1300 3.7300 2.2300 1.1100 2.1000 1.8000 13.3000 4.8400 4.1400 7.1600 18.2700 4.1300 1.1900 2.1300 35.2900 35.2900 1.8000
35 3.5700 3.1600 1.9600 4.2300 5.7400 3.7000 1.7800 5.9500 1.8100 3.3600 18.1800 3.7500 .0100 8.8900 .4400 3.5900 2.1300 3.7300 2.2300 1.1100 2.1000 1.8000 13.3000 4.8400 4.1400 7.1600 18.2700 4.1300 1.1900 2.1300 35.2900 35.2900 1.8000
36 3.5700 3.1600 1.9600 4.2300 5.7400 3.7000 1.7800 5.9500 1.8100 3.3600 18.1800 3.7500 .0100 8.5200 .4400 3.5900 2.1300 3.7300 2.2300 1.1100 2.1000 1.8000 13.3000 4.8400 4.1400 7.1600 18.2700 4.1300 1.1900 2.1300 35.2900 35.2900 1.8000
37 3.5700 3.1600 1.9600 4.2300 5.7400 3.7000 1.7800 5.9500 1.8100 3.3600 18.1800 3.7500 .0100 8.5200 .4400 3.5900 2.1300 3.7300 2.2300 1.1100 2.1000 1.8000 13.3000 4.8400 4.1400 7.1600 18.2700 4.1300 1.1900 2.1300 35.2900 35.2900 1.8000
38 3.5700 3.1600 1.9600 4.2300 5.7400 3.7000 1.7800 5.9500 1.8100 3.3600 18.1800 3.7500 .0100 8.5200 .4400 3.5900 2.1300 3.7300 2.2300 1.1100 2.1000 1.8000 13.3000 4.8400 4.1400 7.1600 18.2700 4.1300 1.1900 2.1300 35.2900 35.2900 1.8000
39 3.5700 3.1600 1.9600 4.2300 5.7400 3.7000 1.7800 5.9500 1.8100 3.3600 18.1800 3.7500 .0100 8.5200 .4400 3.5900 2.1300 3.7300 2.2300 1.1100 2.1000 1.8000 13.3000 4.8400 4.1400 7.1600 18.2700 4.1300 1.1900 2.1300 35.2900 35.2900 1.8000
40 3.5700 3.1600 1.9600 4.2300 5.7400 3.7000 1.7800 5.9500 1.8100 3.3600 18.1800 3.7500 .0100 8.5200 .4400 3.5900 2.1300 3.7300 2.2300 1.1100 2.1000 1.8000 13.3000 4.8400 4.1400 7.1600 18.2700 4.1300 1.1900 2.1300 35.2900 35.2900 1.8000
41 3.5700 3.1600 1.9600 4.2300 5.7400 3.7000 1.7800 5.9500 1.8100 3.3600 18.1800 3.7500 .0100 8.2600 .4400 3.5900 2.1300 3.7300 2.2300 1.1100 2.1000 1.8000 13.3000 4.8400 4.1400 7.1600 18.2700 4.1300 1.1900 2.1300 35.2900 35.2900 1.8000
42 3.5700 3.1600 1.9600 4.2300 5.7400 3.7000 1.7800 5.9500 1.8100 3.3600 18.1800 3.7500 .0100 8.2600 .4400 3.5900 2.1300 3.7300 2.2300 1.1100 2.1000 1.8000 13.3000 4.8400 4.1400 7.1600 18.2700 4.1300 1.1900 2.1300 35.2900 35.2900 1.8000
43 3.5700 3.1600 1.9600 4.2300 5.7400 3.7000 1.7800 5.9500 1.8100 3.3600 18.1800 3.7500 .0100 8.2600 .4400 3.5900 2.1300 3.7300 2.2300 1.1100 2.1000 1.8000 13.3000 4.8400 4.1400 7.1600 18.2700 4.1300 1.1900 2.1300 35.2900 35.2900 1.8000
44 3.5700 3.1600 1.9600 4.2300 5.7400 3.7000 1.7800 5.9500 1.8100 3.3600 18.1800 3.7500 .0100 8.2600 .4400 3.5900 2.1300 3.7300 2.2300 1.1100 2.1000 1.8000 13.3000 4.8400 4.1400 7.1600 18.2700 4.1300 1.1900 2.1300 35.2900 35.2900 1.8000
45 3.5700 3.1600 1.9600 4.2300 5.7400 3.7000 1.7800 5.9500 1.8100 3.3600 18.1800 3.7500 .0100 8.0500 .4400 3.5900 2.1300 3.7300 2.2300 1.1100 2.1000 1.8000 13.3000 4.8400 4.1400 7.1600 18.2700 4.1300 1.1900 2.1300 35.2900 35.2900 1.8000
46 3.5700 3.1600 1.9600 4.2300 5.7400 3.7000 1.7800 5.9500 1.8100 3.3600 18.1800 3.7500 .0100 8.0500 .4400 3.5900 2.1300 3.7300 2.2300 1.1100 2.1000 1.8000 13.3000 4.8400 4.1400 7.1600 18.2700 4.1300 1.1900 2.1300 35.2900 35.2900 1.8000
47 3.5700 3.1600 1.9600 4.2300 5.7400 3.7000 1.7800 5.9500 1.8100 3.3600 18.1800 3.7500 .0100 8.0500 .4400 3.5900 2.1300 3.7300 2.2300 1.1100 2.1000 1.8000 13.3000 4.8400 4.1400 7.1600 18.2700 4.1300 1.1900 2.1300 35.2900 35.2900 1.8000
48 3.5700 3.1600 1.9600 4.2300 5.7400 3.7000 1.7800 5.9500 1.8100 3.3600 18.1800 3.7500 .0100 8.0500 .4400 3.5900 2.1300 3.7300 2.2300 1.1100 2.1000 1.8000 13.3000 4.8400 4.1400 7.1600 18.2700 4.1300 1.1900 2.1300 35.2900 35.2900 1.8000
49 3.5700 3.1600 1.9600 4.2300 5.7400 3.7000 1.7800 5.9500 1.8100 3.3600 18.1800 3.7500 .0100 7.8900 .4400 3.5900 2.1300 3.7300 2.2300 1.1100 2.1000 1.8000 13.3000 4.8400 4.1400 7.1600 18.2700 4.1300 1.1900 2.1300 35.2900 35.2900 1.8000
50 3.5700 3.1600 1.9600 4.2300 5.7400 3.7000 1.7800 5.9500 1.8100 3.3600 18.1800 3.7500 .0100 7.8900 .4400 3.5900 2.1300 3.7300 2.2300 1.1100 2.1000 1.8000 13.3000 4.8400 4.1400 7.1600 18.2700 4.1300 1.1900 2.1300 35.2900 35.2900 1.8000
51 3.5700 3.1600 1.9600 4.2300 5.7400 3.7000 1.7800 5.9500 1.8100 3.3600 18.1800 3.7500 .0100 7.8900 .4400 3.5900 2.1300 3.7300 2.2300 1.1100 2.1000 1.8000 13.3000 4.8400 4.1400 7.1600 18.2700 4.1300 1.1900 2.1300 35.2900 35.2900 1.8000
52 3.5700 3.1600 1.9600 4.2300 5.7400 3.7000 1.7800 5.9500 1.8100 3.3600 18.1800 3.7500 .0100 7.8900 .4400 3.5900 2.1300 3.7300 2.2300 1.1100 2.1000 1.8000 13.3000 4.8400 4.1400 7.1600 18.2700 4.1300 1.1900 2.1300 35.2900 35.2900 1.8000
53 3.5700 3.1600 1.9600 4.2300 5.7400 3.7000 1.7800 5.9500 1.8100 3.3600 18.1800 3.7500 .0100 7.8900 .4400 3.5900 2.1300 3.7300 2.2300 1.1100 2.1000 1.8000 13.3000 4.8400 4.1400 7.1600 18.2700 4.1300 1.1900 2.1300 35.2900 35.2900 1.8000
54 3.5700 3.1600 1.9600 4.2300 5.7400 3.7000 1.7800 5.9500 1.8100 3.3600 18.1800 3.7500 .0100 7.8900 .4400 3.5900 2.1300 3.7300 2.2300 1.1100 2.1000 1.8000 13.3000 4.8400 4.1400 7.1600 18.2700 4.1300 1.1900 2.1300 35.2900 35.2900 1.8000
55 3.5700 3.1600 1.9600 4.2300 5.7400 3.7000 1.7800 5.9500 1.8100 3.3600 18.1800 3.7500 .0100 7.8900 .4400 3.5900 2.1300 3.7300 2.2300 1.1100 2.1000 1.8000 13.3000 4.8400 4.1400 7.1600 18.2700 4.1300 1.1900 2.1300 35.2900 35.2900 1.8000
56 3.5700 3.1600 1.9600 4.2300 5.7400 3.7000 1.7800 5.9500 1.8100 3.3600 18.1800 3.7500 .0100 7.8900 .4400 3.5900 2.1300 3.7300 2.2300 1.1100 2.1000 1.8000 13.3000 4.8400 4.1400 7.1600 18.2700 4.1300 1.1900 2.1300 35.2900 35.2900 1.8000
57 3.5700 3.1600 1.9600 4.2300 5.7400 3.7000 1.7800 5.9500 1.8100 3.3600 18.1800 3.7500 .0100 7.8900 .4400 3.5900 2.1300 3.7300 2.2300 1.1100 2.1000 1.8000 13.3000 4.8400 4.1400 7.1600 18.2700 4.1300 1.1900 2.1300 35.2900 35.2900 1.8000
61 3.5700 3.1600 1.9600 4.2300 5.7400 3.7000 1.7800 5.9500 1.8100 3.3600 18.1800 3.7500 .0100 7.7800 .4400 3.5900 2.1300 3.7300 2.2300 1.1100 2.1000 1.8000 13.3000 4.8400 4.1400 7.1600 18.2700 4.1300 1.1900 2.1300 35.2900 35.2900 1.8000
62 3.5700 3.1600 1.9600 4.2300 5.7400 3.7000 1.7800 5.9500 1.8100 3.3600 18.1800 3.7500 .0100 7.7800 .4400 3.5900 2.1300 3.7300 2.2300 1.1100 2.1000 1.8000 13.3000 4.8400 4.1400 7.1600 18.2700 4.1300 1.1900 2.1300 35.2900 35.2900 1.8000
65 3.5700 3.1600 1.9600 4.2300 5.7400 3.7000 1.7800 5.9500 1.8100 3.3600 18.1800 3.7500 .0100 7.7800 .4400 3.5900 2.1300 3.7300 2.2300 1.1100 2.1000 1.8000 13.3000 4.8400 4.1400 7.1600 18.2700 4.1300 1.1900 2.1300 35.2900 35.2900 1.8000
69 3.5700 3.1600 1.9600 4.2300 5.7400 3.7000 1.7800 5.9500 1.8100 3.3600 18.1800 3.7500 .0100 7.7800 .4400 3.5900 2.1300 3.7300 2.2300 1.1100 2.1000 1.8000 13.3000 4.8400 4.1400 7.1600 18.2700 4.1300 1.1900 2.1300 35.2900 35.2900 1.8000
71 3.5700 3.1600 1.9600 4.2300 5.7400 3.7000 1.7800 5.9500 1.8100 3.3600 18.1800 3.7500 .0100 7.7800 .4400 3.5900 2.1300 3.7300 2.2300 1.1100 2.1000 1.8000 13.3000 4.8400 4.1400 7.1600 18.2700 4.1300 1.1900 2.1300 35.2900 35.2900 1.8000
72 3.5700 3.1600 1.9600 4.2300 5.7400 3.7000 1.7800 5.9500 1.8100 3.3600 18.1800 3.7500 .0100 7.7800 .4400 3.5900 2.1300 3.7300 2.2300 1.1100 2.1000 1.8000 13.3000 4.8400 4.1400 7.1600 18.2700 4.1300 1.1900 2.1300 35.2900 35.2900 1.8000
75 3.5700 3.1600 1.9600 4.2300 5.7400 3.7000 1.7800 5.9500 1.8100 3.3600 18.1800 3.7500 .0100 7.7800 .4400 3.5900 2.1300 3.7300 2.2300 1.1100 2.1000 1.8000 13.3000 4.8400 4.1400 7.1600 18.2700 4.1300 1.1900 2.1300 35.2900 35.2900 1.8000
78 3.5700 3.1600 1.9600 4.2300 5.7400 3.7000 1.7800 5.9500 1.8100 3.3600 18.1800 3.7500 .0100 7.7800 .4400 3.5900 2.1300 3.7300 2.2300 1.1100 2.1000 1.8000 13.3000 4.8400 4.1400 7.1600 18.2700 4.1300 1.1900 2.1300 35.2900 35.2900 1.8000
80 3.5700 3.1600 1.9600 4.2300 5.7400 3.7000 1.7800 5.9500 1.8100 3.3600 18.1800 3.7500 .0100 7.7800 .4400 3.5900 2.1300 3.7300 2.2300 1.1100 2.1000 1.8000 13.3000 4.8400 4.1400 7.1600 18.2700 4.1300 1.1900 2.1300 35.2900 35.2900 1.8000
82 3.5700 3.1600 1.9600 4.2300 5.7400 3.7000 1.7800 5.9500 1.8100 3.3600 18.1800 3.7500 .0100 7.7800 .4400 3.5900 2.1300 3.7300 2.2300 1.1100 2.1000 1.8000 13.3000 4.8400 4.1400 7.1600 18.2700 4.1300 1.1900 2.1300 35.2900 35.2900 1.8000
88 3.5700 3.1600 1.9600 4.2300 5.7400 3.7000 1.7800 5.9500 1.8100 3.3600 18.1800 3.7500 .0100 7.7800 .4400 3.5900 2.1300 3.7300 2.2300 1.1100 2.1000 1.8000 13.3000 4.8400 4.1400 7.1600 18.2700 4.1300 1.1900 2.1300 35.2900 35.2900 1.8000
90 3.5700 3.1600 1.9600 4.2300 5.7400 3.7000 1.7800 5.9500 1.8100 3.3600 18.1800 3.7500 .0100 7.7800 .4400 3.5900 2.1300 3.7300 2.2300 1.1100 2.1000 1.8000 13.3000 4.8400 4.1400 7.1600 18.2700 4.1300 1.1900 2.1300 35.2900 35.2900 1.8000
97 3.5700 3.1600 1.9600 4.2300 5.7400 3.7000 1.7800 5.9500 1.8100 3.3600 18.1800 3.7500 .0100 7.7800 .4400 3.5900 2.1300 3.7300 2.2300 1.1100 2.1000 1.8000 13.3000 4.8400 4.1400 7.1600 18.2700 4.1300 1.1900 2.1300 35.2900 35.2900 1.8000
100 3.5700 3.1600 1.9600 4.2300 5.7400 3.7000 1.7800 5.9500 1.8100 3.3600 18.1800 3.7500 .0100 7.7800 .4400 3.5900 2.1300 3.7300 2.2300 1.1100 2.1000 1.8000 13.3000 4.8400 4.1400 7.1600 18.2700 4.1300 1.1900 2.1300 35.2900 35.2900 1.8000
107 3.5700 3.1600 1.9600 4.2300 5.7400 3.7000 1.7800 5.9500 1.8100 3.3600 18.1800 3.7500 .0100 7.7800 .4400 3.5900 2.1300 3.7300 2.2300 1.1100 2.1000 1.8000 13.3000 4.8400 4.1400 7.1600 18.2700 4.1300 1.1900 2.1300 35.2900 35.2900 1.8000
112 3.5700 3.1600 1.9600 4.2300 5.7400 3.7000 1.7800 5.9500 1.8100 3.3600 18.1800 3.7500 .0100 7.7800 .4400 3.5900 2.1300 3.7300 2.2300 1.1100 2.1000 1.8000 13.3000 4.8400 4.1400 7.1600 18.2700 4.1300 1.1900 2.1300 35.2900 35.2900 1.8000
116 3.5700 3.1600 1.9600 4.2300 5.7400 3.7000 1.7800 5.9500 1.8100 3.3600 18.1800 3.7500 .0100 7.7800 .4400 3.5900 2.1300 3.7300 2.2300 1.1100 2.1000 1.8000 13.3000 4.8400 4.1400 7.1600 18.2700 4.1300 1.1900 2.1300 35.2900 35.2900 1.8000
122 3.5700 3.1600 1.9600 4.2300 5.7400 3.7000 1.7800 5.9500 1.8100 3.3600 18.1800 3.7500 .0100 7.7800 .4400 3.5900 2.1300 3.7300 2.2300 1.1100 2.1000 1.8000 13.3000 4.8400 4.1400 7.1600 18.2700 4.1300 1.1900 2.1300 35.2900 35.2900 1.8000
127 3.5700 3.1600 1.9600 4.2300 5.7400 3.7000 1.7800 5.9500 1.8100 3.3600 18.1800 3.7500 .0100 7.7800 .4400 3.5900 2.1300 3.7300 2.2300 1.1100 2.1000 1.8000 13.3000 4.8400 4.1400 7.1600 18.2700 4.1300 1.1900 2.1300 35.2900 35.2900 1.8000
134 3.5700 3.1600 1.9600 4.2300 5.7400 3.7000 1.7800 5.9500 1.8100 3.3600 18.1800 3.7500 .0100 7.7800 .4400 3.5900 2.1300 3.7300 2.2300 1.1100 2.1000 1.8000 13.3000 4.8400 4.1400 7.1600 18.2700 4.1300 1.1900 2.1300 35.2900 35.2900 1.8000
136 3.5700 3.1600 1.9600 4.2300 5.7400 3.7000 1.7800 5.9500 1.8100 3.3600 18.1800 3.7500 .0100 7.7800 .4400 3.5900 2.1300 3.7300 2.2300 1.1100 2.1000 1.8000 13.3000 4.8400 4.1400 7.1600 18.2700 4.1300 1.1900 2.1300 35.2900 35.2900 1.8000
137 3.5700 3.1600 1.9600 4.2300 5.7400 3.7000 1.7800 5.9500 1.8100 3.3600 18.1800 3.7500 .0100 7.7800 .4400 3.5900 2.1300 3.7300 2.2300 1.1100 2.1000 1.8000 13.3000 4.8400 4.1400 7.1600 18.2700 4.1300 1.1900 2.1300 35.2900 35.2900 1.8000
145 3.5700 3.1600 1.9600 4.2300 5.7400 3.7000 1.7800 5.9500 1.8100 3.3600 18.1800 3.7500 .0100 7.7800 .4400 3.5900 2.1300 3.7300 2.2300 1.1100 2.1000 1.8000 13.3000 4.8400 4.1400 7.1600 18.2700 4.1300 1.1900 2.1300 35.2900 35.2900 1.8000
148 3.5700 3.1600 1.9600 4.2300 5.7400 3.7000 1.7800 5.9500 1.8100 3.3600 18.1800 3.7500 .0100 7.7800 .4400 3.5900 2.1300 3.7300 2.2300 1.1100 2.1000 1.8000 13.3000 4.8400 4.1400 7.1600 18.2700 4.1300 1.1900 2.1300 35.2900 35.2900 1.8000
156 3.5700 3.1600 1.9600 4.2300 5.7400 3.7000 1.7800 5.9500 1.8100 3.3600 18.1800 3.7500 .0100 7.7800 .4400 3.5900 2.1300 3.7300 2.2300 1.1100 2.1000 1.8000 13.3000 4.8400 4.1400 7.1600 18.2700 4.1300 1.1900 2.1300 35.2900 35.2900 1.8000
161 3.5700 3.1600 1.9600 4.2300 5.7400 3.7000 1.7800 5.9500 1.8100 3.3600 18.1800 3.7500 .0100 7.7800 .4400 3.5900 2.1300 3.7300 2.2300 1.1100 2.1000 1.8000 13.3000 4.8400 4.1400 7.1600 18.2700 4.1300 1.1900 2.1300 35.2900 35.2900 1.8000
166 3.5700 3.1600 1.9600 4.2300 5.7400 3.7000 1.7800 5.9500 1.8100 3.3600 18.1800 3.7500 .0100 7.7800 .4400 3.5900 2.1300 3.7300 2.2300 1.1100 2.1000 1.8000 13.3000 4.8400 4.1400 7.1600 18.2700 4.1300 1.1900 2.1300 35.2900 35.2900 1.8000
173 3.5700 3.1600 1.9600 4.2300 5.7400 3.7000 1.7800 5.9500 1.8100 3.3600 18.1800 3.7500 .0100 7.7800 .4400 3.5900 2.1300 3.7300 2.2300 1.1100 2.1000 1.8000 13.3000 4.8400 4.1400 7.1600 18.2700 4.1300 1.1900 2.1300 35.2900 35.2900 1.8000
179 3.5700 3.1600 1.9600 4.2300 5.7400 3.7000 1.7800 5.9500 1.8100 3.3600 18.1800 3.7500 .0100 7.7800 .4400 3.5900 2.1300 3.7300 2.2300 1.1100 2.1000 1.8000 13.3000 4.8400 4.1400 7.1600 18.2700 4.1300 1.1900 2.1300 35.2900 35.2900 1.8000
183 3.5700 3.1600 1.9600 4.2300 5.7400 3.7000 1.7800 5.9500 1.8100 3.3600 18.1800 3.7500 .0100 7.7800 .4400 3.5900 2.1300 3.7300 2.2300 1.1100 2.1000 1.8000 13.3000 4.8400 4.1400 7.1600 18.2700 4.1300 1.1900 2.1300 35.2900 35.2900 1.8000
194 3.5700 3.1600 1.9600 4.2300 5.7400 3.7000 1.7800 5.9500 1.8100 3.3600 18.1800 3.7500 .0100 7.7800 .4400 3.5900 2.1300 3.7300 2.2300 1.1100 2.1000 1.8000 13.3000 4.8400 4.1400 7.1600 18.2700 4.1300 1.1900 2.1300 35.2900 35.2900 1.8000
198 3.5700 3.1600 1.9600 4.2300 5.7400 3.7000 1.7800 5.9500 1.8100 3.3600 18.1800 3.7500 .0100 7.7800 .4400 3.5900 2.1300 3.7300 2.2300 1.1100 2.1000 1.8000 13.3000 4.8400 4.1400 7.1600 18.2700 4.1300 1.1900 2.1300 35.2900 35.2900 1.8000
211 3.5700 3.1600 1.9600 4.2300 5.7400 3.7000 1.7800 5.9500 1.8100 3.3600 18.1800 3.7500 .0100 7.7800 .4400 3.5900 2.1300 3.7300 2.2300 1.1100 2.1000 1.8000 13.3000 4.8400 4.1400 7.1600 18.2700 4.1300 1.1900 2.1300 35.2900 35.2900 1.8000
216 3.5700 3.1600 1.9600 4.2300 5.7400 3.7000 1.7800 5.9500 1.8100 3.3600 18.1800 3.7500 .0100 7.7800 .4400 3.5900 2.1300 3.7300 2.2300 1.1100 2.1000 1.8000 13.3000 4.8400 4.1400 7.1600 18.2700 4.1300 1.1900 2.1300 35.2900 35.2900 1.8000
236 3.5700 3.1600 1.9600 4.2300 5.7400 3.7000 1.7800 5.9500 1.8100 3.3600 18.1800 3.7500 .0100 7.7800 .4400 3.5900 2.1300 3.7300 2.2300 1.1100 2.1000 1.8000 13.3000 4.8400 4.1400 7.1600 18.2700 4.1300 1.1900 2.1300 35.2900 35.2900 1.8000
