3 100.0000 100.0000 100.0000 100.0000 100.0000 100.0000 100.0000 100.0000 100.0000 100.0000 100.0000 100.0000 100.0000 100.0000 100.0000 100.0000 100.0000 100.0000
4 0 2.0800 1.6900 1.6800 8.3300 100.0000 100.0000 100.0000 100.0000 100.0000 100.0000 100.0000 100.0000 100.0000 100.0000 100.0000 100.0000 100.0000
5 0 2.0800 1.6900 1.6800 8.3300 100.0000 100.0000 100.0000 100.0000 100.0000 100.0000 100.0000 100.0000 100.0000 100.0000 100.0000 100.0000 100.0000
6 0 2.0800 1.6900 1.6800 7.2600 100.0000 100.0000 100.0000 100.0000 100.0000 100.0000 100.0000 100.0000 100.0000 100.0000 67.5500 100.0000 100.0000
7 0 2.0800 .8400 1.6800 7.2600 100.0000 100.0000 100.0000 100.0000 100.0000 100.0000 100.0000 100.0000 100.0000 100.0000 67.5500 100.0000 100.0000
8 0 2.0800 .8400 1.6800 7.2600 100.0000 100.0000 100.0000 100.0000 100.0000 100.0000 100.0000 100.0000 100.0000 66.6600 67.5500 100.0000 100.0000
9 0 2.0800 .8400 1.6800 5.7200 100.0000 50.4400 100.0000 66.6600 100.0000 100.0000 66.6600 100.0000 100.0000 66.6600 67.5500 83.7500 100.0000
10 0 2.0800 .8400 1.6800 5.7200 100.0000 50.4400 100.0000 66.6600 100.0000 100.0000 66.6600 71.1400 100.0000 66.6600 66.4500 83.7500 100.0000
11 0 1.4900 .8400 1.6800 3.9900 100.0000 50.4400 100.0000 66.6600 100.0000 72.1500 66.6600 71.1400 100.0000 66.6600 66.4500 83.7500 100.0000
12 0 1.4900 .4200 1.6800 3.9900 100.0000 50.4400 100.0000 66.6600 100.0000 72.1500 66.6600 71.1400 100.0000 66.6600 66.4500 83.7500 100.0000
13 0 .9300 .4200 1.6800 2.7900 100.0000 50.4400 100.0000 66.6600 52.9400 72.1500 66.6600 71.1400 100.0000 66.6600 66.4500 83.7500 100.0000
14 0 .9300 .4200 1.6800 2.7900 100.0000 50.4400 100.0000 66.6600 52.9400 72.1500 66.6600 71.1400 60.3800 66.6600 66.4500 83.7500 73.8000
15 0 .9300 .4200 1.4700 2.7900 100.0000 50.4400 100.0000 66.6600 52.9400 72.1500 66.6600 71.1400 60.3800 65.9700 66.4500 83.7500 73.8000
16 0 .8300 .4200 1.4700 2.2000 100.0000 50.4400 100.0000 66.6600 52.9400 72.1500 66.6600 71.1400 60.3800 65.9700 55.7600 83.7500 73.8000
17 0 .8300 .4200 1.4700 1.9800 100.0000 50.4400 100.0000 66.6600 52.9400 70.5600 65.5300 70.6200 60.3800 65.9700 55.7600 83.7500 73.8000
18 0 .8300 .4200 1.3000 1.9800 100.0000 50.4400 100.0000 66.6600 52.9400 70.5600 65.5300 70.6200 60.3800 65.9700 55.7600 79.2000 69.2900
19 0 .8300 .4200 1.3000 1.6600 100.0000 50.4400 100.0000 66.6600 52.9400 70.5600 65.5300 70.6200 57.1000 65.9700 47.9300 79.2000 69.2900
20 0 .5500 .4200 1.3000 1.6600 100.0000 50.4400 100.0000 66.6600 52.9400 70.5600 65.5300 70.6200 57.1000 65.9700 47.9300 79.2000 69.2900
21 0 .4200 .4200 1.3000 1.4300 100.0000 50.4400 100.0000 66.6600 52.9400 70.5600 65.5300 70.6200 57.1000 65.9700 47.9300 79.2000 69.2900
22 0 .3600 .4200 .9500 1.4300 100.0000 50.4400 100.0000 66.6600 52.9400 70.5600 65.5300 70.6200 57.1000 65.9700 47.9300 79.2000 69.2900
23 0 .3500 .4200 .7200 1.3300 100.0000 50.4400 100.0000 66.6600 52.9400 70.5600 65.5300 70.6200 57.1000 65.9700 47.9300 79.2000 69.2900
24 0 .3100 .4000 .7200 1.3300 100.0000 50.4400 100.0000 66.6600 52.9400 70.5600 65.5300 70.6200 57.1000 65.9700 47.9300 79.2000 69.2900
25 0 .3100 .3600 .4900 1.3300 100.0000 50.4400 100.0000 66.6600 52.9400 70.5600 65.5300 70.6200 49.9800 65.9700 47.9300 67.1400 62.3800
26 0 .3100 .3000 .4300 1.1600 100.0000 50.4400 100.0000 66.6600 52.9400 62.2800 65.5300 70.6200 49.9800 65.9700 47.9300 67.1400 62.3800
27 0 .3100 .3000 .4200 1.1600 100.0000 50.4400 100.0000 66.6600 52.9400 62.2800 65.5300 70.6200 49.9800 65.9700 47.9300 67.1400 62.3800
28 0 .3100 .2500 .3700 1.1200 100.0000 50.4000 100.0000 66.6600 52.9400 62.2800 60.3800 70.6200 49.9800 65.9700 47.9300 67.1400 62.3800
29 0 .3100 .2500 .3600 1.1200 100.0000 50.4000 100.0000 66.6600 52.9400 62.2800 60.3800 67.7300 49.9800 65.9700 47.9300 67.1400 54.8500
30 0 .3100 .2400 .3400 1.1200 100.0000 50.4000 100.0000 66.6600 52.9400 62.2800 60.3800 67.7300 43.4200 65.9700 47.9300 67.1400 54.8500
31 0 .3100 .2200 .3400 1.0000 100.0000 50.4000 100.0000 66.6600 52.9400 62.2800 60.3800 67.7300 43.4200 50.6300 47.9300 67.1400 54.8500
32 0 .3100 .2200 .3400 1.0000 100.0000 50.4000 100.0000 66.6600 52.9400 62.2800 60.3800 64.6400 43.4200 50.6300 43.3100 67.1400 54.8500
33 0 .3100 .2100 .3400 .9300 100.0000 50.4000 100.0000 66.6600 52.9400 62.2800 60.3800 64.6400 43.4200 50.6300 43.3100 67.1400 54.8500
34 0 .3100 .2100 .3400 .9300 100.0000 50.4000 100.0000 66.6600 52.9400 62.2800 60.3800 64.6400 43.4200 50.6300 43.3100 67.1400 47.6800
35 0 .3100 .2100 .3400 .9300 100.0000 50.4000 100.0000 66.6600 52.9400 62.2800 60.3800 64.6400 43.4200 50.6300 43.3100 67.1400 47.6800
36 0 .3100 .2100 .3400 .8700 100.0000 50.4000 100.0000 66.6600 52.9400 62.2800 60.3800 61.8100 43.4200 50.6300 43.3100 67.1400 47.6800
37 0 .3100 .2100 .3400 .8700 100.0000 50.4000 100.0000 66.6600 52.9400 62.2800 60.3800 61.8100 43.4200 50.6300 43.3100 55.9900 47.6800
38 0 .3100 .2100 .3400 .8700 100.0000 50.4000 100.0000 66.6600 52.9400 62.2800 60.3800 61.8100 37.4500 50.6300 43.3100 55.9900 47.6800
39 0 .3100 .2100 .3400 .8400 99.4500 50.4000 100.0000 66.6600 52.9400 62.2800 60.3800 61.8100 37.4500 41.0900 43.3100 55.9900 47.6800
40 0 .3100 .2100 .3400 .8400 99.4500 50.4000 100.0000 66.6600 52.9400 51.6200 60.3800 61.8100 37.4500 41.0900 43.3100 55.9900 47.6800
41 0 .3100 .2100 .3400 .8400 99.4500 50.4000 100.0000 66.6600 52.9400 51.6200 60.3800 61.8100 37.4500 41.0900 43.3100 55.9900 47.6800
42 0 .3100 .2100 .3400 .8400 99.4500 50.4000 100.0000 66.6600 52.9400 51.6200 54.7400 59.9700 37.4500 41.0900 43.3100 55.9900 43.5000
43 0 .3100 .2100 .3400 .8400 99.4500 50.4000 100.0000 66.6600 52.9400 51.6200 54.7400 59.9700 37.4500 41.0900 43.3100 55.9900 43.5000
44 0 .3100 .2100 .3400 .8400 99.4500 50.4000 100.0000 66.6600 52.9400 51.6200 54.7400 59.9700 37.4500 41.0900 43.3100 55.9900 43.5000
45 0 .3100 .2100 .3400 .8400 99.4500 50.4000 100.0000 66.6600 52.9400 51.6200 54.7400 59.9700 37.4500 41.0900 43.3100 55.9900 43.5000
46 0 .3100 .2100 .3400 .7700 99.4500 50.4000 100.0000 66.6600 52.9400 51.6200 54.7400 59.9700 37.4500 41.0900 43.3100 55.9900 43.5000
47 0 .3100 .2100 .3400 .7700 99.4500 50.4000 100.0000 66.6600 52.9400 51.6200 54.7400 59.9700 37.4500 41.0900 43.3100 55.9900 43.5000
48 0 .3100 .2100 .3400 .7700 99.4500 50.4000 100.0000 66.6600 52.9400 51.6200 54.7400 59.9700 37.4500 41.0900 43.3100 55.9900 43.5000
49 0 .3100 .2100 .3400 .7700 99.4500 48.2600 100.0000 66.6600 52.9400 51.6200 54.7400 59.9700 37.4500 35.9400 43.3100 55.9900 43.5000
50 0 .3100 .2100 .3400 .7700 99.4500 48.2600 100.0000 66.6600 52.9400 51.6200 51.7400 59.9700 37.4500 35.9400 43.3100 55.9900 43.5000
51 0 .3100 .2100 .3400 .7700 99.4500 48.2600 100.0000 66.6600 52.9400 51.6200 51.7400 59.9700 37.4500 35.9400 43.3100 55.9900 43.5000
52 0 .3100 .2100 .3400 .7700 99.4500 48.2600 100.0000 66.6600 52.9400 51.6200 51.7400 59.9700 37.4500 35.9400 43.3100 55.9900 43.5000
53 0 .3100 .2100 .3400 .7700 99.4500 48.2600 100.0000 66.6600 52.9400 51.6200 51.7400 59.9700 37.4500 35.9400 43.3100 55.9900 43.5000
54 0 .3100 .2100 .3400 .7700 99.4500 48.2600 100.0000 66.6600 52.9400 51.6200 51.7400 59.9700 32.4800 35.9400 43.3100 55.9900 43.5000
55 0 .3100 .2100 .3400 .7700 99.4500 48.2600 100.0000 66.6600 52.9400 51.6200 51.7400 59.9700 32.4800 35.9400 43.3100 55.9900 43.5000
56 0 .3100 .2100 .3400 .7300 98.9700 48.2600 100.0000 66.6600 52.9400 51.6200 51.7400 59.9700 32.4800 35.9400 43.3100 55.9900 39.8700
57 0 .3100 .2100 .3400 .7300 98.9700 48.2600 100.0000 66.6600 52.9400 51.6200 51.7400 59.9700 32.4800 35.9400 43.3100 48.0700 39.8700
58 0 .3100 .2100 .3400 .7300 98.9700 48.2600 100.0000 66.6600 52.9400 51.6200 51.7400 59.9700 32.4800 35.9400 43.3100 48.0700 39.8700
59 0 .3100 .2100 .3400 .7300 98.9700 48.2600 100.0000 66.6600 52.9400 51.6200 51.7400 59.9700 32.4800 35.9400 43.3100 48.0700 39.8700
60 0 .3100 .2100 .3400 .7300 98.9700 48.2600 100.0000 66.6600 52.9400 51.6200 48.7100 59.9700 32.4800 35.9400 43.3100 48.0700 39.8700
61 0 .3100 .2100 .3400 .7300 98.9700 48.2600 100.0000 66.6600 52.9400 51.6200 48.7100 59.9700 32.4800 35.9400 43.3100 48.0700 39.8700
62 0 .3100 .2100 .3400 .7300 98.9700 48.2600 100.0000 66.6600 52.9400 51.6200 48.7100 59.9700 32.4800 35.9400 40.1300 48.0700 39.8700
63 0 .3100 .2100 .3400 .7300 98.9700 48.2600 100.0000 66.6600 52.9400 51.6200 48.7100 59.9700 32.4800 33.2500 40.1300 48.0700 39.8700
64 0 .3100 .2100 .3400 .7300 98.9700 46.2500 100.0000 65.2500 52.9400 51.6200 48.7100 59.9700 32.4800 33.2500 40.1300 48.0700 39.8700
65 0 .3100 .2100 .3400 .7300 98.9700 46.2500 100.0000 65.2500 52.9400 49.1100 48.7100 59.9700 32.4800 33.2500 40.1300 48.0700 39.8700
66 0 .3100 .2100 .3400 .7100 98.9700 46.2500 100.0000 65.2500 52.9400 49.1100 48.7100 58.3900 32.4800 33.2500 40.1300 48.0700 39.8700
67 0 .3100 .2100 .3400 .7100 98.9700 46.2500 100.0000 65.2500 52.9400 49.1100 48.7100 58.3900 32.4800 33.2500 40.1300 48.0700 39.8700
68 0 .3100 .2100 .3400 .7100 98.9700 46.2500 100.0000 65.2500 52.9400 49.1100 48.7100 58.3900 32.4800 33.2500 40.1300 48.0700 39.8700
69 0 .3100 .2100 .3400 .7100 98.9700 46.2500 100.0000 65.2500 52.9400 49.1100 48.7100 58.3900 32.4800 33.2500 40.1300 48.0700 39.8700
70 0 .3100 .2100 .3400 .7100 98.9700 46.2500 100.0000 65.2500 52.9400 49.1100 48.7100 58.3900 32.4800 33.2500 40.1300 48.0700 39.8700
71 0 .3100 .2100 .3400 .7100 98.9700 46.2500 100.0000 65.2500 52.9400 49.1100 48.7100 58.3900 29.7400 33.2500 40.1300 48.0700 39.8700
72 0 .3100 .2100 .3400 .7100 98.9700 46.2500 100.0000 65.2500 52.9400 49.1100 48.7100 58.3900 29.7400 33.2500 40.1300 48.0700 39.8700
73 0 .3100 .2100 .3400 .7100 98.9700 46.2500 100.0000 65.2500 52.9400 45.4700 48.7100 58.3900 29.7400 33.2500 40.1300 48.0700 39.8700
74 0 .3100 .2100 .3400 .6700 98.4800 46.2500 100.0000 65.2500 52.9400 45.4700 48.7100 58.3900 29.7400 33.2500 38.0300 48.0700 39.8700
75 0 .3100 .2100 .3400 .6700 98.4800 46.2500 100.0000 65.2500 52.9400 45.4700 48.7100 58.3900 29.7400 33.2500 38.0300 48.0700 39.8700
76 0 .3100 .2100 .3400 .6700 98.4800 44.7000 100.0000 65.2500 52.9400 45.4700 48.7100 58.3900 29.7400 33.2500 38.0300 48.0700 39.8700
77 0 .3100 .2100 .3400 .6700 98.4800 44.7000 100.0000 65.2500 52.9200 45.4700 48.7100 58.3900 29.7400 33.2500 38.0300 48.0700 39.8700
78 0 .3100 .2100 .3400 .6700 98.4800 44.7000 100.0000 65.2500 52.9200 45.4700 48.7100 58.3900 29.7400 33.2500 38.0300 48.0700 39.8700
79 0 .3100 .2100 .3400 .6700 98.4800 44.7000 100.0000 65.2500 52.9200 45.4700 48.7100 58.3900 29.7400 33.2500 38.0300 44.1300 38.0600
80 0 .3100 .2100 .3400 .6700 98.4800 44.7000 100.0000 65.2500 52.9200 45.4700 47.1800 58.3900 29.7400 33.2500 38.0300 44.1300 38.0600
81 0 .3100 .2100 .3400 .6700 98.4800 44.7000 100.0000 64.0200 52.9200 45.4700 47.1800 58.3900 29.7400 33.2500 38.0300 44.1300 38.0600
82 0 .3100 .2100 .3400 .6700 98.4800 44.7000 100.0000 64.0200 52.9200 45.4700 47.1800 58.3900 29.7400 31.5300 38.0300 44.1300 38.0600
83 0 .3100 .2100 .3400 .6700 98.4800 44.7000 100.0000 64.0200 52.9200 45.4700 47.1800 58.3900 29.7400 31.5300 38.0300 44.1300 38.0600
84 0 .3100 .2100 .3400 .6700 98.4800 44.7000 100.0000 64.0200 52.9200 45.4700 47.1800 58.3900 29.7400 31.5300 38.0300 44.1300 38.0600
85 0 .3100 .2100 .3400 .6700 98.4800 44.7000 100.0000 64.0200 52.9200 45.4700 47.1800 58.3900 28.5800 31.5300 38.0300 44.1300 38.0600
86 0 .3100 .2100 .3400 .6700 98.4800 44.7000 100.0000 64.0200 52.9200 45.4700 47.1800 58.3900 28.5800 31.5300 38.0300 44.1300 38.0600
87 0 .3100 .2100 .3400 .6700 98.4800 44.7000 100.0000 64.0200 52.9200 45.4700 47.1800 58.3900 28.5800 31.5300 38.0300 44.1300 38.0600
88 0 .3100 .2100 .3400 .6700 98.4800 44.7000 100.0000 64.0200 52.9200 45.4700 47.1800 58.3900 28.5800 31.5300 38.0300 44.1300 38.0600
89 0 .3100 .2100 .3400 .6700 98.4800 44.7000 100.0000 64.0200 52.9200 45.4700 47.1800 58.3900 28.5800 31.5300 38.0300 44.1300 38.0600
90 0 .3100 .2100 .3400 .6700 98.4800 42.3700 100.0000 64.0200 52.9200 45.4700 47.1800 58.3900 28.5800 31.5300 38.0300 44.1300 38.0600
91 0 .3100 .2100 .3400 .6700 98.4800 42.3700 100.0000 64.0200 52.9200 45.4700 47.1800 58.3900 28.5800 31.5300 38.0300 44.1300 38.0600
92 0 .3100 .2100 .3400 .6700 98.4800 42.3700 100.0000 64.0200 52.9200 45.4700 47.1800 58.3900 28.5800 31.5300 38.0300 44.1300 38.0600
93 0 .3100 .2100 .3400 .6700 98.4800 42.3700 100.0000 63.0200 52.9200 44.0100 47.1800 58.3900 28.5800 31.5300 38.0300 44.1300 38.0600
94 0 .3100 .2100 .3400 .6700 98.4800 42.3700 100.0000 63.0200 52.9000 44.0100 47.1800 58.3900 28.5800 31.5300 38.0300 44.1300 38.0600
95 0 .3100 .2100 .3400 .6700 98.4800 42.3700 100.0000 63.0200 52.9000 44.0100 47.1800 58.3900 28.5800 31.5300 38.0300 44.1300 38.0600
96 0 .3100 .2100 .3400 .6700 98.4800 42.3700 100.0000 63.0200 52.9000 44.0100 47.1800 58.3900 28.5800 31.5300 38.0300 44.1300 38.0600
97 0 .3100 .2100 .3400 .6700 98.4800 42.3700 100.0000 63.0200 52.9000 44.0100 47.1800 58.3900 28.5800 31.5300 38.0300 44.1300 38.0600
98 0 .3100 .2100 .3400 .6700 98.4800 42.3700 100.0000 63.0200 52.9000 44.0100 47.1800 58.3900 28.5800 31.5300 36.3700 44.1300 38.0600
99 0 .3100 .2100 .3400 .6700 98.4800 42.3700 100.0000 63.0200 52.9000 44.0100 47.1800 58.3900 28.5800 31.5300 36.3700 44.1300 38.0600
100 0 .3100 .2100 .3400 .6700 98.4800 42.3700 99.7500 63.0200 52.9000 44.0100 47.1800 58.3900 28.5800 31.5300 36.3700 44.1300 38.0600
101 0 .3100 .2100 .3400 .6700 98.4800 42.3700 99.7500 63.0200 52.9000 44.0100 47.1800 58.3900 28.5800 31.5300 36.3700 44.1300 38.0600
102 0 .3100 .2100 .3400 .6700 97.7000 42.3700 99.7500 63.0200 52.9000 44.0100 47.1800 58.3900 28.5800 31.5300 36.3700 44.1300 38.0600
103 0 .3100 .2100 .3400 .6700 97.7000 42.3700 99.7500 63.0200 52.9000 44.0100 47.1800 58.3900 27.3800 31.5300 36.3700 44.1300 38.0600
104 0 .3100 .2100 .3400 .6700 97.7000 42.3700 99.7500 63.0200 52.9000 44.0100 47.1800 58.3900 27.3800 31.5300 36.3700 44.1300 38.0600
105 0 .3100 .2100 .3400 .6700 97.7000 42.3700 99.7500 63.0200 52.9000 44.0100 47.1800 58.3900 27.3800 31.5300 36.3700 44.1300 38.0600
106 0 .3100 .2100 .3400 .6700 97.7000 42.3700 99.7500 63.0200 52.9000 44.0100 47.1800 58.3900 27.3800 31.5300 36.3700 44.1300 38.0600
107 0 .3100 .2100 .3400 .6700 97.7000 42.3700 99.7500 63.0200 52.9000 44.0100 47.1800 57.4200 27.3800 31.5300 36.3700 44.1300 38.0600
108 0 .3100 .2100 .3400 .6700 97.7000 38.8500 99.7500 63.0200 52.9000 44.0100 45.6200 57.4200 27.3800 31.5300 36.3700 44.1300 38.0600
109 0 .3100 .2100 .3400 .6700 96.7000 38.8500 99.7500 63.0200 52.9000 44.0100 45.6200 57.4200 27.3800 31.5300 36.3700 44.1300 38.0600
110 0 .3100 .2100 .3400 .6700 96.7000 38.8500 99.7500 63.0200 52.9000 44.0100 45.6200 57.4200 27.3800 31.5300 36.3700 44.1300 38.0600
111 0 .3100 .2100 .3400 .6700 96.7000 38.8500 99.7500 61.4800 52.9000 44.0100 45.6200 57.4200 27.3800 30.3900 36.3700 44.1300 38.0600
112 0 .3100 .2100 .3400 .6700 96.7000 38.8500 99.7500 61.4800 52.8800 44.0100 45.6200 57.4200 27.3800 30.3900 36.3700 44.1300 38.0600
113 0 .3100 .2100 .3400 .6700 96.7000 38.8500 99.7500 61.4800 52.8800 44.0100 45.6200 57.4200 27.3800 30.3900 36.3700 44.1300 38.0600
114 0 .3100 .2100 .3400 .6700 96.7000 38.8500 99.7500 61.4800 52.8800 44.0100 45.6200 57.4200 27.3800 30.3900 36.3700 44.1300 38.0600
115 0 .3100 .2100 .3400 .6700 96.7000 38.8500 99.7500 61.4800 52.8800 44.0100 45.6200 55.7300 27.3800 30.3900 36.3700 44.1300 38.0600
116 0 .3100 .2100 .3400 .6700 95.8500 38.8500 99.7500 61.4800 52.8800 44.0100 45.6200 55.7300 27.3800 30.3900 36.3700 42.5200 38.0600
117 0 .3100 .2100 .3400 .6700 95.8500 38.8500 99.7500 61.4800 52.8800 44.0100 45.6200 55.7300 27.0900 30.3900 36.3700 42.5200 38.0600
118 0 .3100 .2100 .3400 .6700 95.8500 38.8500 99.7500 61.4800 52.8800 44.0100 44.6300 55.7300 27.0900 30.3900 36.3700 42.5200 38.0600
122 0 .3100 .2100 .3400 .6700 95.8500 38.8500 99.0000 61.4800 52.8800 44.0100 44.6300 55.7300 27.0900 30.3900 36.3700 42.5200 37.0000
123 0 .3100 .2100 .3400 .6700 95.8500 38.8500 99.0000 61.4800 52.8800 44.0100 44.6300 55.7300 27.0900 30.3900 36.3700 42.5200 37.0000
124 0 .3100 .2100 .3400 .6700 95.8500 38.8500 99.0000 61.4800 52.8800 44.0100 44.6300 55.7300 27.0900 30.3900 36.3700 42.5200 37.0000
125 0 .3100 .2100 .3400 .6700 95.8500 37.3900 99.0000 61.4800 52.8800 44.0100 44.1200 55.7300 27.0900 30.3900 36.3700 42.5200 37.0000
126 0 .3100 .2100 .3400 .6700 95.8500 37.3900 99.0000 61.4800 52.8800 44.0100 44.1200 55.7300 27.0900 30.3900 35.3000 42.5200 37.0000
127 0 .3100 .2100 .3400 .6700 94.8200 37.3900 99.0000 61.4800 52.8800 43.2600 44.1200 55.7300 27.0900 30.3900 35.3000 42.5200 37.0000
128 0 .3100 .2100 .3400 .6700 94.8200 37.3900 99.0000 61.4800 52.8800 43.2600 44.1200 55.7300 27.0900 30.3900 35.3000 42.5200 37.0000
129 0 .3100 .2100 .3400 .6700 94.8200 37.3900 99.0000 61.4800 52.8800 43.2600 44.1200 55.7300 27.0900 30.3900 35.3000 42.5200 37.0000
130 0 .3100 .2100 .3400 .6700 94.8200 37.3900 99.0000 59.8300 52.8800 43.2600 44.1200 55.7300 27.0900 29.9800 35.3000 42.5200 37.0000
131 0 .3100 .2100 .3400 .6700 94.8200 37.3900 99.0000 59.8300 52.8800 43.2600 44.1200 55.7300 27.0900 29.9800 35.3000 42.5200 37.0000
132 0 .3100 .2100 .3400 .6700 94.8200 37.3900 98.4400 59.8300 52.8800 43.2600 44.1200 55.7300 26.5800 29.9800 35.3000 42.5200 37.0000
133 0 .3100 .2100 .3400 .6700 94.8200 37.3900 98.4400 59.8300 52.7600 43.2600 44.1200 55.7300 26.5800 29.9800 35.3000 41.3600 37.0000
134 0 .3100 .2100 .3400 .6700 94.8200 37.3900 98.4400 59.8300 52.7600 43.2600 44.0600 55.7300 26.5800 29.9800 35.3000 41.3600 37.0000
135 0 .3100 .2100 .3400 .6700 94.8200 37.3900 98.4400 59.8300 52.7600 43.2600 44.0600 55.7300 26.5800 29.9800 35.3000 41.3600 37.0000
136 0 .3100 .2100 .3400 .6700 94.8200 37.3900 98.4400 59.8300 52.7600 43.2600 44.0600 55.7300 26.5800 29.9800 35.3000 41.3600 37.0000
137 0 .3100 .2100 .3400 .6700 94.1000 37.3900 98.4400 59.8300 52.7600 43.2600 44.0600 55.7300 26.5800 29.9800 35.3000 41.3600 37.0000
138 0 .3100 .2100 .3400 .6700 94.1000 37.3900 98.4400 59.8300 52.7600 43.2600 44.0600 55.7300 26.5800 29.9800 35.3000 41.3600 37.0000
139 0 .3100 .2100 .3400 .6700 94.1000 36.0300 98.4400 59.8300 52.7600 43.2600 44.0600 55.7300 26.5800 29.9800 35.3000 41.3600 37.0000
140 0 .3100 .2100 .3400 .6700 94.1000 36.0300 98.4400 59.8300 52.7600 43.2600 44.0600 55.7300 26.5800 29.9800 35.3000 41.3600 37.0000
141 0 .3100 .2100 .3400 .6700 94.1000 36.0300 97.4600 59.8300 52.7600 43.2600 44.0100 55.7300 26.5800 29.9800 35.3000 41.3600 37.0000
143 0 .3100 .2100 .3400 .6700 94.1000 36.0300 97.4600 59.8300 52.7600 43.2600 44.0100 55.7300 26.5800 29.9800 35.3000 41.3600 37.0000
144 0 .3100 .2100 .3400 .6700 94.1000 36.0300 97.4600 59.8300 52.7600 43.2600 44.0100 55.7300 26.5800 29.9800 35.3000 41.3600 37.0000
145 0 .3100 .2100 .3400 .6700 94.1000 36.0300 97.4600 59.8300 52.7600 43.2600 44.0100 55.7300 26.5800 29.9800 35.3000 41.3600 37.0000
146 0 .3100 .2100 .3400 .6700 94.1000 36.0300 97.4600 59.8300 52.7600 43.2600 44.0100 55.7300 26.5800 29.9800 35.3000 41.3600 37.0000
147 0 .3100 .2100 .3400 .6700 93.2900 36.0300 97.4600 59.8300 52.7600 43.2600 44.0100 55.7300 26.5800 29.7900 35.3000 41.3600 37.0000
148 0 .3100 .2100 .3400 .6700 93.2900 36.0300 97.4600 59.8300 52.7600 43.2600 44.0100 55.7300 26.5800 29.7900 35.3000 41.3600 37.0000
149 0 .3100 .2100 .3400 .6700 93.2900 36.0300 97.4600 59.8300 52.7600 43.2600 44.0100 55.7300 26.5800 29.7900 35.3000 41.3600 37.0000
150 0 .3100 .2100 .3400 .6700 93.2900 36.0300 97.4600 59.8300 52.7600 43.2600 44.0100 55.7300 26.3600 29.7900 35.3000 40.4800 37.0000
151 0 .3100 .2100 .3400 .6700 93.2900 36.0300 97.4600 59.8300 52.7600 43.2600 44.0100 55.7300 26.3600 29.7900 35.3000 40.4800 37.0000
152 0 .3100 .2100 .3400 .6700 93.2900 36.0300 96.6000 58.8800 52.7600 43.2600 44.0100 55.7300 26.3600 29.7900 35.3000 40.4800 35.9200
153 0 .3100 .2100 .3400 .6700 93.2900 36.0300 96.6000 58.8800 52.7600 43.2600 44.0100 55.7300 26.3600 29.7900 35.3000 40.4800 35.9200
154 0 .3100 .2100 .3400 .6700 93.2900 36.0300 96.6000 58.8800 52.7600 43.2600 44.0100 55.7300 26.3600 29.7900 34.6500 40.4800 35.9200
155 0 .3100 .2100 .3400 .6700 93.2900 36.0300 96.6000 58.8800 52.7600 42.3500 44.0100 54.8200 26.3600 29.7900 34.6500 40.4800 35.9200
156 0 .3100 .2100 .3400 .6700 93.2900 36.0300 96.6000 58.8800 52.7600 42.3500 44.0100 54.8200 26.3600 29.7900 34.6500 40.4800 35.9200
157 0 .3100 .2100 .3400 .6700 93.2900 36.0300 96.6000 58.8800 52.7600 42.3500 44.0100 54.8200 26.3600 29.7900 34.6500 40.4800 35.9200
158 0 .3100 .2100 .3400 .6700 92.6800 35.1700 96.6000 58.8800 52.7600 42.3500 44.0100 54.8200 26.3600 29.7900 34.6500 40.4800 35.9200
159 0 .3100 .2100 .3400 .6700 92.6800 35.1700 96.6000 58.8800 52.5700 42.3500 44.0100 54.8200 26.3600 29.7900 34.6500 40.4800 35.9200
160 0 .3100 .2100 .3400 .6700 92.6800 35.1700 96.0500 58.8800 52.5700 42.3500 44.0100 54.8200 26.2500 29.7900 34.6500 40.4800 35.9200
161 0 .3100 .2100 .3400 .6700 92.6800 35.1700 96.0500 58.8800 52.5700 42.3500 44.0100 54.8200 26.2500 29.7900 34.6500 40.4800 35.9200
162 0 .3100 .2100 .3400 .6700 92.6800 35.1700 96.0500 58.8800 52.5700 42.3500 44.0100 54.8200 26.2500 29.7900 34.6500 40.4800 35.7300
163 0 .3100 .2100 .3400 .6700 92.6800 35.1700 96.0500 58.8800 52.5700 42.3500 43.8900 54.8200 26.2500 29.7900 34.6500 40.4800 35.7300
164 0 .3100 .2100 .3400 .6700 92.6800 35.1700 96.0500 58.8800 52.5700 42.3500 43.8900 54.8200 26.2500 29.7900 34.6500 40.4800 35.7300
165 0 .3100 .2100 .3400 .6700 92.6800 35.1700 96.0500 58.8800 52.5700 42.3500 43.7100 54.8200 26.2500 29.7900 34.6500 40.4800 35.7300
167 0 .3100 .2100 .3400 .6700 92.6800 35.1700 96.0500 58.8800 52.5700 42.3500 43.7100 54.8200 26.2500 29.7900 34.6500 40.4800 35.7300
168 0 .3100 .2100 .3400 .6700 92.4200 35.1700 96.0500 58.8800 52.5700 42.3500 43.7100 54.8200 26.2500 29.7900 34.6500 40.4800 35.7300
170 0 .3100 .2100 .3400 .6700 92.4200 35.1700 96.0500 58.8800 52.5700 42.3500 43.7100 54.8200 26.1900 29.7900 34.6500 40.4800 35.7300
171 0 .3100 .2100 .3400 .6700 92.4200 35.1700 96.0500 58.8800 52.5700 42.3500 43.7100 54.8200 26.1900 29.7900 34.6500 40.4800 35.7300
172 0 .3100 .2100 .3400 .6700 92.4200 35.1700 96.0500 58.8800 52.5700 42.3500 43.7100 54.1100 26.1900 29.6200 34.6500 39.6800 35.7300
173 0 .3100 .2100 .3400 .6700 92.4200 35.1700 96.0500 58.8800 52.5700 42.3500 43.7100 54.1100 26.1900 29.6200 34.6500 39.6800 35.7300
174 0 .3100 .2100 .3400 .6700 92.4200 35.1700 96.0500 58.8800 52.5700 42.3500 43.7100 54.1100 26.1900 29.6200 34.6500 39.6800 35.7300
175 0 .3100 .2100 .3400 .6700 92.4200 35.1700 96.0500 58.8800 52.5700 42.3500 43.7100 54.1100 26.1900 29.6200 34.6500 39.6800 35.7300
176 0 .3100 .2100 .3400 .6700 92.4200 35.1700 96.0500 58.8800 52.5700 42.3500 43.7100 54.1100 26.1900 29.6200 34.6500 39.6800 35.6900
177 0 .3100 .2100 .3400 .6700 92.4200 35.1700 96.0500 58.8800 52.5700 42.3500 43.7100 54.1100 26.1900 29.6200 34.6500 39.6800 35.6900
178 0 .3100 .2100 .3400 .6700 92.4200 35.1700 96.0500 58.8800 52.5700 42.3500 43.7100 54.1100 26.1900 29.6200 34.6500 39.6800 35.6900
179 0 .3100 .2100 .3400 .6700 92.4200 35.1700 96.0500 58.8800 52.5700 42.3500 43.7100 54.1100 26.1900 29.6200 34.6500 39.6800 35.6900
180 0 .3100 .2100 .3400 .6700 92.4200 35.1700 96.0500 58.8800 52.4100 42.3500 43.7100 54.1100 26.1900 29.6200 34.6500 39.6800 35.6900
181 0 .3100 .2100 .3400 .6700 92.4200 35.1700 96.0500 58.8800 52.4100 42.3500 43.7100 54.1100 26.1700 29.6200 34.6500 39.6800 35.6700
182 0 .3100 .2100 .3400 .6700 92.2200 35.1700 96.0500 58.8800 52.4100 42.3500 43.7100 54.1100 26.1700 29.6200 34.6500 39.6800 35.6700
183 0 .3100 .2100 .3400 .6700 92.2200 35.1700 96.0500 58.8800 52.4100 42.3500 43.7100 54.1100 26.1700 29.6200 34.6500 39.6800 35.6100
185 0 .3100 .2100 .3400 .6700 92.2200 35.1700 96.0500 58.8800 52.4100 42.3500 43.7100 54.1100 26.1700 29.6200 34.6500 39.6800 35.6100
187 0 .3100 .2100 .3400 .6700 92.2200 35.1700 96.0500 57.9200 52.4100 42.3500 43.7100 54.1100 26.1700 29.6200 34.6500 39.6800 35.6100
188 0 .3100 .2100 .3400 .6700 92.2200 34.1600 96.0500 57.9200 52.4100 42.3500 43.7100 54.1100 26.1700 29.6200 34.6500 39.6800 35.5400
189 0 .3100 .2100 .3400 .6700 92.2200 34.1600 96.0500 57.9200 52.4100 42.3500 43.7100 54.1100 26.1700 29.5100 34.6500 39.6800 35.5400
190 0 .3100 .2100 .3400 .6700 92.2200 34.1600 96.0500 57.9200 52.4100 42.3500 43.7100 54.1100 26.1700 29.5100 34.6500 39.6800 35.5400
192 0 .3100 .2100 .3400 .6700 92.2200 34.1600 96.0500 57.9200 52.4100 42.3500 43.7100 54.1100 26.1700 29.5100 34.6500 39.6800 35.4800
193 0 .3100 .2100 .3400 .6700 92.2200 34.1600 96.0500 57.9200 52.4100 42.3500 43.7100 54.1100 26.1700 29.5100 34.6500 39.6800 35.4800
194 0 .3100 .2100 .3400 .6700 92.2200 34.1600 96.0500 57.9200 52.4100 42.3500 43.7100 54.1100 26.1700 29.5100 34.1300 39.6800 35.4800
195 0 .3100 .2100 .3400 .6700 92.2200 34.1600 95.5800 57.9200 52.4100 42.3500 43.7100 54.1100 26.1700 29.5100 34.1300 39.6800 35.4800
196 0 .3100 .2100 .3400 .6700 92.2200 34.1600 95.5800 57.9200 52.4100 42.3500 43.7100 54.1100 26.1700 29.5100 34.1300 39.6800 35.4500
197 0 .3100 .2100 .3400 .6700 92.2200 34.1600 95.5800 57.9200 52.4100 42.3500 43.7100 54.1100 26.1700 29.5100 34.1300 39.1600 35.4500
198 0 .3100 .2100 .3400 .6700 92.2200 34.1600 95.5800 57.9200 52.4100 42.3500 43.7100 54.1100 26.1700 29.5100 34.1300 39.1600 35.4500
199 0 .3100 .2100 .3400 .6700 92.2200 34.1600 95.5800 57.3600 52.4100 42.3500 43.7100 54.1100 26.1700 29.5100 34.1300 39.1600 35.4500
200 0 .3100 .2100 .3400 .6700 92.2200 34.1600 95.5800 57.3600 52.4100 42.3500 43.7100 54.1100 26.1700 29.5100 34.1300 39.1600 35.4400
201 0 .3100 .2100 .3400 .6700 92.2200 34.1600 95.5800 57.3600 52.4100 42.3500 43.7100 54.1100 26.1700 29.5100 34.1300 39.1600 35.4400
202 0 .3100 .2100 .3400 .6700 92.2200 34.1600 95.5800 57.3600 52.4100 42.3500 43.7100 54.1100 26.1700 29.5100 34.1300 39.1600 35.4400
203 0 .3100 .2100 .3400 .6700 92.2200 34.1600 95.5800 57.3600 52.4100 42.3500 43.7100 53.6500 26.1700 29.5100 34.1300 39.1600 35.4400
204 0 .3100 .2100 .3400 .6700 92.2200 34.1600 95.5800 57.3600 52.0000 42.3500 43.7100 53.6500 26.1700 29.5100 34.1300 39.1600 35.4300
205 0 .3100 .2100 .3400 .6700 92.2200 34.1600 95.5800 57.3600 52.0000 42.3500 43.7100 53.6500 26.1700 29.5100 34.1300 39.1600 35.4300
206 0 .3100 .2100 .3400 .6700 92.2200 34.1600 95.5800 57.3600 52.0000 41.6600 43.7100 53.6500 26.1700 29.5100 34.1300 39.1600 35.4300
207 0 .3100 .2100 .3400 .6700 92.2200 34.1600 95.5800 57.3600 52.0000 41.6600 43.7100 53.6500 26.1700 29.5100 34.1300 39.1600 35.4300
208 0 .3100 .2100 .3400 .6700 92.2200 34.1600 95.5800 57.3600 52.0000 41.6600 43.7100 53.6500 26.1700 29.5100 34.1300 39.1600 35.4300
209 0 .3100 .2100 .3400 .6700 92.2200 34.1600 95.5800 57.3600 52.0000 41.6600 43.7100 53.6500 26.1700 29.5100 34.1300 39.1600 35.4300
210 0 .3100 .2100 .3400 .6700 92.2200 34.1600 95.5800 57.3600 52.0000 41.6600 43.7100 53.6500 26.1700 29.5100 34.1300 39.1600 35.4300
211 0 .3100 .2100 .3400 .6700 92.2200 34.1600 94.9100 57.3600 52.0000 41.6600 43.7100 53.6500 26.1700 29.5100 34.1300 39.1600 35.4300
212 0 .3100 .2100 .3400 .6700 92.2200 34.1600 94.9100 57.3600 52.0000 41.6600 43.7100 53.6500 26.1700 29.4500 34.1300 39.1600 35.4300
213 0 .3100 .2100 .3400 .6700 92.2200 34.1600 94.9100 57.3600 52.0000 41.6600 43.7100 53.6500 26.1700 29.4500 34.1300 39.1600 35.4300
214 0 .3100 .2100 .3400 .6700 92.2200 34.1600 94.9100 57.3600 52.0000 41.6600 43.7100 53.6500 26.1700 29.4500 34.1300 39.1600 35.4300
215 0 .3100 .2100 .3400 .6700 92.2200 34.1600 94.9100 57.3600 52.0000 41.6600 43.7100 53.6500 26.1700 29.4500 34.1300 39.1600 35.4300
216 0 .3100 .2100 .3400 .6700 92.2200 34.1600 94.9100 57.3600 52.0000 41.6600 43.7100 53.6500 26.1400 29.4500 34.1300 39.1600 35.4300
217 0 .3100 .2100 .3400 .6700 92.2200 34.1600 94.9100 56.7600 52.0000 41.6600 43.7100 53.6500 26.1400 29.4500 34.1300 39.1600 35.4300
218 0 .3100 .2100 .3400 .6700 92.2200 34.1600 94.9100 56.7600 52.0000 41.6600 43.7100 53.6500 26.1400 29.4500 34.1300 39.1600 35.4300
219 0 .3100 .2100 .3400 .6700 92.0400 34.1600 94.9100 56.7600 52.0000 41.6600 43.7100 53.6500 26.1400 29.4500 34.1300 39.1600 35.4300
220 0 .3100 .2100 .3400 .6700 92.0400 34.1600 94.9100 56.7600 52.0000 41.6600 43.7100 53.6500 26.1400 29.4500 33.6100 39.1600 35.4300
222 0 .3100 .2100 .3400 .6700 92.0400 34.1600 94.9100 56.7600 52.0000 41.6600 43.7100 53.6500 26.1400 29.4500 33.6100 39.1600 35.4300
223 0 .3100 .2100 .3400 .6700 92.0400 34.1600 94.5500 56.7600 52.0000 41.6600 43.7100 53.6500 26.1400 29.4500 33.6100 39.1600 35.4300
224 0 .3100 .2100 .3400 .6700 92.0400 34.1600 94.5500 56.7600 52.0000 41.6600 43.7100 53.2600 26.1400 29.4500 33.6100 39.1600 35.4300
225 0 .3100 .2100 .3400 .6700 92.0400 33.5900 94.5500 56.7600 52.0000 41.6600 43.7100 53.2600 26.1400 29.4500 33.6100 39.1600 35.4300
226 0 .3100 .2100 .3400 .6700 92.0400 33.5900 94.5500 56.7600 52.0000 41.6600 43.7100 53.2600 26.1400 29.4500 33.6100 39.1600 35.4300
227 0 .3100 .2100 .3400 .6700 92.0400 33.5900 94.5500 56.7600 52.0000 41.6600 43.7100 53.2600 26.1400 29.4500 33.6100 39.1600 35.4300
228 0 .3100 .2100 .3400 .6700 92.0400 33.5900 94.5500 56.7600 52.0000 41.6600 43.7100 53.2600 26.1400 29.4500 33.6100 39.1600 35.4300
229 0 .3100 .2100 .3400 .6700 92.0400 33.5900 94.5500 56.7600 52.0000 41.6600 43.7100 53.2600 26.1400 29.4500 33.6100 39.1600 35.4300
231 0 .3100 .2100 .3400 .6700 92.0400 33.5900 94.5500 56.7600 52.0000 41.6600 43.7100 53.2600 26.1400 29.4500 33.6100 39.1600 35.4300
232 0 .3100 .2100 .3400 .6700 91.9100 33.5900 94.5500 56.7600 52.0000 41.6600 43.7100 53.2600 26.1400 29.3800 33.6100 39.1600 35.4300
233 0 .3100 .2100 .3400 .6700 91.9100 33.5900 94.5500 56.7600 52.0000 41.6600 43.7100 53.2600 26.1400 29.3800 33.1200 39.1600 35.4300
234 0 .3100 .2100 .3400 .6700 91.9100 33.5900 94.5500 56.7600 52.0000 41.6600 43.7100 53.2600 26.1400 29.3800 33.1200 39.1600 35.4300
235 0 .3100 .2100 .3400 .6700 91.9100 33.5900 94.5500 56.7600 52.0000 41.6600 43.7100 53.2600 26.1400 29.3800 33.1200 39.1600 35.4300
236 0 .3100 .2100 .3400 .6700 91.9100 33.5900 94.5500 56.7600 51.8300 41.6600 43.7100 53.2600 26.1400 29.3800 33.1200 38.7700 35.4300
237 0 .3100 .2100 .3400 .6700 91.9100 33.5900 94.5500 56.7600 51.8300 41.6600 43.7100 53.2600 26.1400 29.3800 33.1200 38.7700 35.4300
238 0 .3100 .2100 .3400 .6700 91.9100 33.5900 94.5500 56.7600 51.8300 41.6600 43.7100 53.2600 26.1400 29.3800 33.1200 38.7700 35.4300
239 0 .3100 .2100 .3400 .6700 91.9100 33.5900 94.5500 56.7600 51.8300 41.6600 43.7100 53.2600 26.1400 29.3800 33.1200 38.7700 35.4300
240 0 .3100 .2100 .3400 .6700 91.9100 33.5900 94.5500 56.7600 51.8300 41.6600 43.7100 53.2600 26.1300 29.3800 33.1200 38.7700 35.4300
242 0 .3100 .2100 .3400 .6700 91.9100 33.5900 94.5500 56.7600 51.8300 41.6600 43.7100 53.2600 26.1300 29.3800 33.1200 38.7700 35.4300
243 0 .3100 .2100 .3400 .6700 91.9100 33.5900 94.5500 56.7600 51.8300 41.6600 43.7100 53.2600 26.1300 29.3800 33.1200 38.7700 35.4300
244 0 .3100 .2100 .3400 .6700 91.9100 33.5900 94.5500 56.7600 51.8300 40.9600 43.7100 53.2600 26.1300 29.3800 33.1200 38.7700 35.4300
246 0 .3100 .2100 .3400 .6700 91.9100 33.5900 94.5500 56.7600 51.8300 40.9600 43.7100 53.2600 26.1300 29.3800 33.1200 38.7700 35.4300
247 0 .3100 .2100 .3400 .6700 91.8000 33.5900 94.5500 56.7600 51.8300 40.9600 43.7100 52.9600 26.1300 29.3800 32.6400 38.7700 35.4300
250 0 .3100 .2100 .3400 .6700 91.8000 33.5900 94.5500 56.7600 51.8300 40.9600 43.7100 52.9600 26.1300 29.3800 32.6400 38.7700 35.4300
251 0 .3100 .2100 .3400 .6700 91.8000 33.5900 94.5500 56.7600 51.8300 40.9600 43.7100 52.9600 26.1300 29.3800 32.6400 38.7700 35.4300
252 0 .3100 .2100 .3400 .6700 91.8000 33.5900 94.3500 56.7600 51.8300 40.9600 43.7100 52.9600 26.1300 29.3800 32.6400 38.7700 35.4300
253 0 .3100 .2100 .3400 .6700 91.8000 33.5900 94.3500 56.7600 51.8300 40.9600 43.7100 52.9600 26.1300 29.3800 32.6400 38.7700 35.4300
254 0 .3100 .2100 .3400 .6700 91.8000 33.5900 94.3500 56.7600 51.8300 40.9600 43.7100 52.9600 26.1300 29.3800 32.6400 38.7700 35.4300
255 0 .3100 .2100 .3400 .6700 91.7700 33.5900 94.3500 56.7600 51.8300 40.9600 43.7100 52.9600 26.1300 29.3800 32.6400 38.7700 35.4300
256 0 .3100 .2100 .3400 .6700 91.7700 33.5900 94.3500 56.7600 51.8300 40.9600 43.7100 52.9600 26.1300 29.3800 32.6400 38.7700 35.4300
257 0 .3100 .2100 .3400 .6700 91.7700 33.5900 94.3500 56.7600 51.8300 40.9600 43.7100 52.9600 26.1300 29.3800 32.6400 38.7700 35.4300
259 0 .3100 .2100 .3400 .6700 91.7700 33.5900 94.3500 56.7600 51.8300 40.9600 43.7100 52.9600 26.1300 29.3800 32.6400 38.7700 35.4300
260 0 .3100 .2100 .3400 .6700 91.7700 33.5900 94.3500 56.7600 51.8300 40.9600 43.7100 52.9600 26.1300 29.3800 32.6400 38.7700 35.4300
261 0 .3100 .2100 .3400 .6700 91.7700 33.5900 94.3500 56.7600 51.8300 40.9600 43.7100 52.9600 26.1300 29.3800 32.6400 38.7700 35.4300
262 0 .3100 .2100 .3400 .6700 91.7700 33.5900 94.3500 56.7600 51.8300 40.9600 43.7100 52.9600 26.1300 29.3800 32.6400 38.7700 35.4300
264 0 .3100 .2100 .3400 .6700 91.7700 33.5900 94.3500 56.7600 51.8300 40.9600 43.7100 52.9600 26.1300 29.3800 32.6400 38.7700 35.4300
266 0 .3100 .2100 .3400 .6700 91.7700 33.5900 94.3500 56.2000 51.8300 40.9600 43.7100 52.9600 26.1300 29.3800 32.6400 38.7700 35.4300
268 0 .3100 .2100 .3400 .6700 91.7700 33.5900 94.3500 56.2000 51.8300 40.9600 43.7100 52.9600 26.1300 29.3800 32.6400 38.7700 35.4300
269 0 .3100 .2100 .3400 .6700 91.7700 33.5900 94.3500 56.2000 51.8300 40.9600 43.7100 52.9600 26.1300 29.3800 32.6400 38.7700 35.4300
271 0 .3100 .2100 .3400 .6700 91.7700 33.5900 94.3500 56.2000 51.8300 40.9600 43.7100 52.9600 26.1300 29.3800 32.6400 38.7700 35.4300
272 0 .3100 .2100 .3400 .6700 91.7700 33.5900 94.3500 56.2000 51.8300 40.9600 43.7100 52.9600 26.1300 29.3800 32.6400 38.7700 35.4300
274 0 .3100 .2100 .3400 .6700 91.7700 33.5900 94.3500 56.2000 51.8300 40.9600 43.7100 52.6100 26.1300 29.3800 32.6400 38.7700 35.4300
275 0 .3100 .2100 .3400 .6700 91.7700 33.5900 94.3500 56.2000 51.8300 40.9600 43.7100 52.6100 26.1300 29.3800 32.6400 38.7700 35.4300
276 0 .3100 .2100 .3400 .6700 91.7700 33.5900 94.3500 56.2000 51.5600 40.9600 43.7100 52.6100 26.1300 29.3800 32.6400 38.7700 35.4300
277 0 .3100 .2100 .3400 .6700 91.7700 33.5900 94.3500 56.2000 51.5600 40.9600 43.7100 52.6100 26.1300 29.3800 32.6400 38.7700 35.4300
278 0 .3100 .2100 .3400 .6700 91.7100 33.5900 94.3500 56.2000 51.5600 40.9600 43.7100 52.6100 26.1300 29.3800 32.6400 38.7700 35.4300
279 0 .3100 .2100 .3400 .6700 91.7100 33.1600 94.3500 56.2000 51.5600 40.9600 43.7100 52.6100 26.1300 29.3800 32.6400 38.7700 35.4300
280 0 .3100 .2100 .3400 .6700 91.7100 33.1600 94.3500 56.2000 51.5600 40.9600 43.7100 52.6100 26.1300 29.3800 32.6400 38.7700 35.4300
281 0 .3100 .2100 .3400 .6700 91.7100 33.1600 94.3500 56.2000 51.5600 40.9600 43.7100 52.6100 26.1300 29.3800 32.6400 38.7700 35.4300
282 0 .3100 .2100 .3400 .6700 91.7100 33.1600 94.3500 56.2000 51.5600 40.9600 43.7100 52.6100 26.1300 29.3800 32.6400 38.7700 35.4300
284 0 .3100 .2100 .3400 .6700 91.7100 33.1600 94.3500 56.2000 51.5600 40.9600 43.7100 52.6100 26.1300 29.3800 32.6400 38.7700 35.4300
285 0 .3100 .2100 .3400 .6700 91.7100 33.1600 94.3500 56.2000 51.5600 40.9600 43.7100 52.6100 26.1300 29.3800 32.6400 38.7700 35.4300
287 0 .3100 .2100 .3400 .6700 91.7100 33.1600 94.3500 56.2000 51.5600 40.9600 43.7100 52.6100 26.1300 29.3800 32.6400 38.7700 35.4300
288 0 .3100 .2100 .3400 .6700 91.7100 33.1600 94.3500 56.2000 51.5600 40.9600 43.7100 52.6100 26.1300 29.3800 32.6400 38.7700 35.4300
289 0 .3100 .2100 .3400 .6700 91.7100 33.1600 94.3500 56.2000 51.5600 40.9600 43.7100 52.6100 26.1300 29.3800 32.6400 38.7700 35.4300
290 0 .3100 .2100 .3400 .6700 91.7100 33.1600 94.3500 56.2000 51.5600 40.9600 43.7100 52.6100 26.1300 29.3800 32.6400 38.7700 35.4300
291 0 .3100 .2100 .3400 .6700 91.7100 33.1600 94.3500 56.2000 51.5600 40.9600 43.7100 52.6100 26.1300 29.3800 32.6400 38.7700 35.4300
292 0 .3100 .2100 .3400 .6700 91.7100 33.1600 94.3500 56.2000 51.5600 40.9600 43.7100 52.6100 26.1300 29.3800 32.6400 38.7700 35.4300
295 0 .3100 .2100 .3400 .6700 91.7100 33.1600 94.3500 56.2000 51.5600 40.9600 43.7100 52.6100 26.1300 29.3800 32.6400 38.7700 35.4300
296 0 .3100 .2100 .3400 .6700 91.6400 33.1600 94.3500 56.2000 51.5600 40.9600 43.7100 52.6100 26.1300 29.3800 32.6400 38.7700 35.4300
297 0 .3100 .2100 .3400 .6700 91.6400 33.1600 94.3500 56.2000 51.5600 40.9600 43.7100 52.3800 26.1300 29.3800 32.6400 38.7700 35.4300
298 0 .3100 .2100 .3400 .6700 91.6400 33.1600 94.3500 56.2000 51.5600 40.9600 43.7100 52.3800 26.1300 29.3800 32.6400 38.7700 35.4300
299 0 .3100 .2100 .3400 .6700 91.6400 33.1600 94.3500 56.2000 51.5600 40.9600 43.7100 52.3800 26.1300 29.3800 32.2100 38.7700 35.4300
300 0 .3100 .2100 .3400 .6700 91.6400 33.1600 94.3500 56.2000 51.5600 40.9600 43.7100 52.3800 26.1300 29.3800 32.2100 38.7700 35.4300
301 0 .3100 .2100 .3400 .6700 91.6400 33.1600 94.3500 56.2000 51.5600 40.9600 43.7100 52.3800 26.1300 29.3800 32.2100 38.7700 35.4300
303 0 .3100 .2100 .3400 .6700 91.6400 33.1600 94.3500 56.2000 51.5600 40.3000 43.7100 52.3800 26.1300 29.3800 32.2100 38.7700 35.4300
304 0 .3100 .2100 .3400 .6700 91.6400 33.1600 94.3500 55.8200 51.5600 40.3000 43.7100 52.3800 26.1300 29.3800 32.2100 38.7700 35.4300
305 0 .3100 .2100 .3400 .6700 91.6400 33.1600 94.3500 55.8200 51.5600 40.3000 43.7100 52.3800 26.1300 29.3800 32.2100 38.7700 35.4300
308 0 .3100 .2100 .3400 .6700 91.6400 33.1600 94.3500 55.8200 51.5600 40.3000 43.7100 52.3800 26.1300 29.3800 32.2100 38.7700 35.4300
309 0 .3100 .2100 .3400 .6700 91.6400 33.1600 94.3500 55.8200 51.5600 40.3000 43.7100 52.3800 26.1300 29.3800 32.2100 38.4300 35.4300
310 0 .3100 .2100 .3400 .6700 91.6400 33.1600 94.3500 55.8200 51.5600 40.3000 43.7100 52.3800 26.1300 29.3800 32.2100 38.4300 35.4300
311 0 .3100 .2100 .3400 .6700 91.6400 33.1600 94.3500 55.8200 51.4600 40.3000 43.7100 52.3800 26.1300 29.3800 32.2100 38.4300 35.4300
312 0 .3100 .2100 .3400 .6700 91.6400 33.1600 94.3500 55.8200 51.4600 40.3000 43.7100 52.3800 26.1300 29.3800 32.2100 38.4300 35.4300
313 0 .3100 .2100 .3400 .6700 91.6400 33.1600 94.3500 55.8200 51.4600 40.3000 43.7100 52.3800 26.1300 29.3800 32.2100 38.4300 35.4300
314 0 .3100 .2100 .3400 .6700 91.6400 33.1600 94.3500 55.8200 51.4600 40.3000 43.7100 52.3800 26.1300 29.3800 32.2100 38.4300 35.4300
315 0 .3100 .2100 .3400 .6700 91.6400 33.1600 94.3500 55.8200 51.4600 40.3000 43.7100 52.3800 26.1300 29.3800 31.9500 38.4300 35.4300
316 0 .3100 .2100 .3400 .6700 91.6400 33.1600 94.3500 55.8200 51.4600 40.3000 43.7100 52.3800 26.1300 29.3800 31.9500 38.4300 35.4300
319 0 .3100 .2100 .3400 .6700 91.6400 33.1600 94.3500 55.8200 51.4600 40.3000 43.7100 52.3800 26.1300 29.3800 31.9500 38.4300 35.4300
320 0 .3100 .2100 .3400 .6700 91.6400 33.1600 94.3500 55.8200 51.4600 40.3000 43.7100 52.3800 26.1300 29.3800 31.9500 38.4300 35.4300
321 0 .3100 .2100 .3400 .6700 91.6400 33.1600 94.3500 55.8200 51.4600 40.3000 43.7100 52.3800 26.1300 29.3800 31.9500 38.4300 35.4300
322 0 .3100 .2100 .3400 .6700 91.6400 33.1600 94.3500 55.8200 51.4600 40.3000 43.7100 52.1300 26.1300 29.3800 31.9500 38.4300 35.4300
323 0 .3100 .2100 .3400 .6700 91.6400 32.8200 94.3500 55.8200 51.4600 40.3000 43.7100 52.1300 26.1300 29.3800 31.9500 38.4300 35.4300
325 0 .3100 .2100 .3400 .6700 91.6400 32.8200 94.1700 55.8200 51.4600 40.3000 43.7100 52.1300 26.1300 29.3800 31.9500 38.1500 35.4300
326 0 .3100 .2100 .3400 .6700 91.6400 32.8200 94.1700 55.8200 51.4600 40.3000 43.7100 52.1300 26.1300 29.3800 31.9500 38.1500 35.4300
327 0 .3100 .2100 .3400 .6700 91.6400 32.8200 94.1700 55.8200 51.4600 40.3000 43.7100 52.1300 26.1300 29.3800 31.9500 38.1500 35.4300
328 0 .3100 .2100 .3400 .6700 91.6400 32.8200 94.1700 55.8200 51.4600 40.3000 43.7100 52.1300 26.1300 29.3800 31.9500 38.1500 35.4300
329 0 .3100 .2100 .3400 .6700 91.6400 32.8200 94.1700 55.8200 51.4600 40.3000 43.7100 52.1300 26.1300 29.3800 31.9500 38.1500 35.4300
331 0 .3100 .2100 .3400 .6700 91.6400 32.8200 94.1700 55.8200 51.4600 40.3000 43.7100 52.1300 26.1300 29.3800 31.9500 38.1500 35.4300
332 0 .3100 .2100 .3400 .6700 91.6400 32.8200 94.1700 55.8200 51.4600 40.3000 43.7100 52.1300 26.1300 29.3800 31.9500 38.1500 35.4300
334 0 .3100 .2100 .3400 .6700 91.6400 32.8200 94.1700 55.8200 51.4600 40.3000 43.7100 52.1300 26.1300 29.3800 31.9500 38.1500 35.4300
336 0 .3100 .2100 .3400 .6700 91.6400 32.8200 94.1700 55.8200 51.4600 40.3000 43.7100 52.1300 26.1300 29.3800 31.9500 38.1500 35.4300
337 0 .3100 .2100 .3400 .6700 91.6400 32.8200 94.1700 55.8200 51.4600 39.8600 43.7100 52.1300 26.1300 29.3800 31.9500 38.1500 35.4300
339 0 .3100 .2100 .3400 .6700 91.6400 32.8200 94.1700 55.8200 51.4600 39.8600 43.7100 52.1300 26.1300 29.3800 31.9500 38.1500 35.4300
341 0 .3100 .2100 .3400 .6700 91.6400 32.8200 94.1700 55.8200 51.4600 39.8600 43.7100 52.1300 26.1300 29.3800 31.9500 38.1500 35.4300
342 0 .3100 .2100 .3400 .6700 91.6400 32.8200 94.1700 55.8200 51.4600 39.8600 43.7100 52.1300 26.1300 29.3800 31.9500 38.1500 35.4300
344 0 .3100 .2100 .3400 .6700 91.6400 32.8200 94.1700 55.8200 51.4600 39.8600 43.7100 52.1300 26.1300 29.3800 31.9500 38.1500 35.4300
347 0 .3100 .2100 .3400 .6700 91.6400 32.8200 94.1700 55.8200 51.3700 39.8600 43.7100 52.1300 26.1300 29.3800 31.9500 37.9200 35.4300
349 0 .3100 .2100 .3400 .6700 91.6400 32.8200 94.1700 55.8200 51.3700 39.8600 43.7100 52.1300 26.1300 29.3800 31.9500 37.9200 35.4300
350 0 .3100 .2100 .3400 .6700 91.6400 32.8200 94.1700 55.8200 51.3700 39.8600 43.7100 52.1300 26.1300 29.3800 31.9500 37.9200 35.4300
353 0 .3100 .2100 .3400 .6700 91.6400 32.8200 94.1700 55.8200 51.3700 39.8600 43.7100 52.1300 26.1300 29.3800 31.7700 37.9200 35.4300
354 0 .3100 .2100 .3400 .6700 91.6400 32.8200 94.1700 55.8200 51.3700 39.8600 43.7100 51.8000 26.1300 29.3800 31.7700 37.9200 35.4300
355 0 .3100 .2100 .3400 .6700 91.6400 32.8200 94.0500 55.8200 51.3700 39.8600 43.7100 51.8000 26.1300 29.3800 31.7700 37.9200 35.4300
358 0 .3100 .2100 .3400 .6700 91.6400 32.8200 94.0500 55.8200 51.3700 39.8600 43.7100 51.8000 26.1300 29.3800 31.7700 37.9200 35.4300
359 0 .3100 .2100 .3400 .6700 91.6400 32.8200 94.0500 55.8200 51.3700 39.8600 43.7100 51.8000 26.1300 29.3800 31.7700 37.9200 35.4300
361 0 .3100 .2100 .3400 .6700 91.6400 32.8200 94.0500 55.5100 51.3700 39.8600 43.7100 51.8000 26.1300 29.3800 31.7700 37.9200 35.4300
362 0 .3100 .2100 .3400 .6700 91.6400 32.8200 94.0500 55.5100 51.3700 39.5200 43.7100 51.8000 26.1300 29.3800 31.7700 37.9200 35.4300
363 0 .3100 .2100 .3400 .6700 91.6400 32.8200 94.0500 55.5100 51.3700 39.5200 43.7100 51.8000 26.1300 29.3800 31.7700 37.9200 35.4300
364 0 .3100 .2100 .3400 .6700 91.6400 32.8200 94.0500 55.5100 51.3700 39.5200 43.7100 51.8000 26.1300 29.3800 31.7700 37.9200 35.4300
365 0 .3100 .2100 .3400 .6700 91.6400 32.8200 94.0500 55.5100 51.3100 39.5200 43.7100 51.8000 26.1300 29.3800 31.7700 37.9200 35.4300
366 0 .3100 .2100 .3400 .6700 91.6400 32.8200 94.0500 55.5100 51.3100 39.5200 43.7100 51.8000 26.1300 29.3800 31.7700 37.9200 35.4300
367 0 .3100 .2100 .3400 .6700 91.6400 32.8200 94.0500 55.5100 51.3100 39.5200 43.7100 51.8000 26.1300 29.3800 31.7700 37.9200 35.4300
368 0 .3100 .2100 .3400 .6700 91.6400 32.8200 94.0500 55.5100 51.3100 39.5200 43.7100 51.8000 26.1300 29.3800 31.5900 37.9200 35.4300
369 0 .3100 .2100 .3400 .6700 91.6400 32.5000 94.0500 55.5100 51.3100 39.5200 43.7100 51.8000 26.1300 29.3800 31.5900 37.9200 35.4300
371 0 .3100 .2100 .3400 .6700 91.6400 32.5000 94.0500 55.5100 51.3100 39.5200 43.7100 51.8000 26.1300 29.3800 31.5900 37.9200 35.4300
372 0 .3100 .2100 .3400 .6700 91.6400 32.5000 94.0500 55.5100 51.3100 39.5200 43.7100 51.8000 26.1300 29.3800 31.5900 37.9200 35.4300
374 0 .3100 .2100 .3400 .6700 91.6400 32.5000 94.0500 55.5100 51.3100 39.5200 43.7100 51.8000 26.1300 29.3800 31.5900 37.9200 35.4300
376 0 .3100 .2100 .3400 .6700 91.6400 32.5000 94.0500 55.5100 51.3100 39.5200 43.7100 51.8000 26.1300 29.3800 31.5900 37.9200 35.4300
377 0 .3100 .2100 .3400 .6700 91.6400 32.5000 94.0500 55.5100 51.3100 39.5200 43.7100 51.6000 26.1300 29.3800 31.5900 37.9200 35.4300
379 0 .3100 .2100 .3400 .6700 91.6400 32.5000 93.8700 55.5100 51.3100 39.5200 43.7100 51.6000 26.1300 29.3800 31.5900 37.9200 35.4300
381 0 .3100 .2100 .3400 .6700 91.6400 32.5000 93.8700 55.5100 51.3100 39.5200 43.7100 51.6000 26.1300 29.3800 31.5900 37.9200 35.4300
382 0 .3100 .2100 .3400 .6700 91.6400 32.5000 93.8700 55.5100 51.3100 39.5200 43.7100 51.6000 26.1300 29.3800 31.5900 37.9200 35.4300
383 0 .3100 .2100 .3400 .6700 91.6400 32.5000 93.8700 55.5100 51.3100 39.5200 43.7100 51.6000 26.1300 29.3800 31.5900 37.9200 35.4300
384 0 .3100 .2100 .3400 .6700 91.6400 32.5000 93.8700 55.5100 51.3100 39.5200 43.7100 51.6000 26.1300 29.3800 31.5900 37.9200 35.4300
385 0 .3100 .2100 .3400 .6700 91.6400 32.5000 93.8700 55.5100 51.3100 39.5200 43.7100 51.6000 26.1300 29.3800 31.5900 37.9200 35.4300
387 0 .3100 .2100 .3400 .6700 91.6400 32.5000 93.8700 55.5100 51.3100 39.5200 43.7100 51.6000 26.1300 29.3800 31.5900 37.9200 35.4300
388 0 .3100 .2100 .3400 .6700 91.6400 32.5000 93.8700 55.5100 51.3100 39.5200 43.7100 51.6000 26.1300 29.3800 31.5900 37.9200 35.4300
389 0 .3100 .2100 .3400 .6700 91.6400 32.5000 93.8700 55.5100 51.3100 39.5200 43.7100 51.6000 26.1300 29.3800 31.5900 37.9200 35.4300
390 0 .3100 .2100 .3400 .6700 91.6400 32.5000 93.8700 55.5100 51.3100 39.5200 43.7100 51.6000 26.1300 29.3800 31.4300 37.9200 35.4300
391 0 .3100 .2100 .3400 .6700 91.6400 32.5000 93.8700 55.5100 51.3100 39.5200 43.7100 51.6000 26.1300 29.3800 31.4300 37.9200 35.4300
393 0 .3100 .2100 .3400 .6700 91.6400 32.5000 93.8700 55.5100 51.3100 39.5200 43.7100 51.6000 26.1300 29.3800 31.4300 37.9200 35.4300
394 0 .3100 .2100 .3400 .6700 91.6400 32.5000 93.8700 55.5100 51.3100 39.5200 43.7100 51.6000 26.1300 29.3800 31.4300 37.9200 35.4300
395 0 .3100 .2100 .3400 .6700 91.6400 32.5000 93.8700 55.5100 51.3100 39.5200 43.7100 51.4500 26.1300 29.3800 31.4300 37.9200 35.4300
397 0 .3100 .2100 .3400 .6700 91.6400 32.5000 93.8700 55.5100 51.3100 39.5200 43.7100 51.4500 26.1300 29.3800 31.4300 37.9200 35.4300
398 0 .3100 .2100 .3400 .6700 91.6400 32.5000 93.6800 55.5100 51.3100 39.2500 43.7100 51.4500 26.1300 29.3800 31.4300 37.9200 35.4300
399 0 .3100 .2100 .3400 .6700 91.6400 32.5000 93.6800 55.5100 51.2200 39.2500 43.7100 51.4500 26.1300 29.3800 31.3000 37.9200 35.4300
401 0 .3100 .2100 .3400 .6700 91.6400 32.5000 93.6800 55.5100 51.2200 39.2500 43.7100 51.4500 26.1300 29.3800 31.3000 37.9200 35.4300
402 0 .3100 .2100 .3400 .6700 91.6400 32.5000 93.6800 55.5100 51.2200 39.2500 43.7100 51.4500 26.1300 29.3800 31.3000 37.9200 35.4300
404 0 .3100 .2100 .3400 .6700 91.6400 32.5000 93.6800 55.5100 51.2200 39.2500 43.7100 51.4500 26.1300 29.3800 31.3000 37.9200 35.4300
407 0 .3100 .2100 .3400 .6700 91.6400 32.5000 93.6800 55.5100 51.2200 39.2500 43.7100 51.4500 26.1300 29.3800 31.3000 37.9200 35.4300
408 0 .3100 .2100 .3400 .6700 91.6400 32.5000 93.6800 55.5100 51.2200 39.2500 43.7100 51.4500 26.1300 29.3800 31.3000 37.9200 35.4300
409 0 .3100 .2100 .3400 .6700 91.6400 32.5000 93.6800 55.5100 51.2200 39.2500 43.7100 51.4500 26.1300 29.3800 31.3000 37.9200 35.4300
410 0 .3100 .2100 .3400 .6700 91.6400 32.5000 93.6800 55.5100 51.2200 39.2500 43.7100 51.4500 26.1300 29.3800 31.3000 37.9200 35.4300
415 0 .3100 .2100 .3400 .6700 91.6400 32.5000 93.6800 55.5100 51.2200 39.2500 43.7100 51.4500 26.1300 29.3800 31.3000 37.9200 35.4300
416 0 .3100 .2100 .3400 .6700 91.6400 32.2900 93.6800 55.5100 51.2200 39.2500 43.7100 51.4500 26.1300 29.3800 31.3000 37.9200 35.4300
420 0 .3100 .2100 .3400 .6700 91.6400 32.2900 93.6800 55.5100 51.2200 39.2500 43.7100 51.4500 26.1300 29.3800 31.3000 37.9200 35.4300
421 0 .3100 .2100 .3400 .6700 91.6400 32.2900 93.6800 55.5100 51.2200 39.2500 43.7100 51.4500 26.1300 29.3800 31.3000 37.9200 35.4300
422 0 .3100 .2100 .3400 .6700 91.6400 32.2900 93.6800 55.5100 51.2200 39.2500 43.7100 51.4500 26.1300 29.3800 31.3000 37.9200 35.4300
424 0 .3100 .2100 .3400 .6700 91.6400 32.2900 93.6800 55.5100 51.2200 39.2500 43.7100 51.4500 26.1300 29.3800 31.3000 37.9200 35.4300
426 0 .3100 .2100 .3400 .6700 91.6400 32.2900 93.6800 55.5100 51.2200 39.2500 43.7100 51.4500 26.1300 29.3800 31.3000 37.9200 35.4300
430 0 .3100 .2100 .3400 .6700 91.6400 32.2900 93.6800 55.5100 51.1400 39.2500 43.7100 51.4500 26.1300 29.3800 31.3000 37.9200 35.4300
431 0 .3100 .2100 .3400 .6700 91.6400 32.2900 93.6800 55.5100 51.1400 39.2500 43.7100 51.4500 26.1300 29.3800 31.3000 37.9200 35.4300
432 0 .3100 .2100 .3400 .6700 91.6400 32.2900 93.6800 55.5100 51.1400 39.0300 43.7100 51.4500 26.1300 29.3800 31.3000 37.9200 35.4300
433 0 .3100 .2100 .3400 .6700 91.6400 32.2900 93.6800 55.5100 51.1400 39.0300 43.7100 51.4500 26.1300 29.3800 31.3000 37.9200 35.4300
434 0 .3100 .2100 .3400 .6700 91.6400 32.2900 93.6800 55.5100 51.1400 39.0300 43.7100 51.4500 26.1300 29.3800 31.3000 37.9200 35.4300
436 0 .3100 .2100 .3400 .6700 91.6400 32.2900 93.6200 55.5100 51.1400 39.0300 43.7100 51.4500 26.1300 29.3800 31.3000 37.9200 35.4300
437 0 .3100 .2100 .3400 .6700 91.6400 32.2900 93.6200 55.5100 51.1400 39.0300 43.7100 51.4500 26.1300 29.3800 31.3000 37.9200 35.4300
439 0 .3100 .2100 .3400 .6700 91.6400 32.2900 93.6200 55.5100 51.1400 39.0300 43.7100 51.4500 26.1300 29.3800 31.3000 37.9200 35.4300
440 0 .3100 .2100 .3400 .6700 91.6400 32.2900 93.6200 55.5100 51.1400 39.0300 43.7100 51.4500 26.1300 29.3800 31.3000 37.9200 35.4300
441 0 .3100 .2100 .3400 .6700 91.6400 32.2900 93.6200 55.2700 51.1400 39.0300 43.7100 51.4500 26.1300 29.3800 31.3000 37.9200 35.4300
442 0 .3100 .2100 .3400 .6700 91.6400 32.2900 93.6200 55.2700 51.1400 39.0300 43.7100 51.4500 26.1300 29.3800 31.3000 37.9200 35.4300
444 0 .3100 .2100 .3400 .6700 91.6400 32.2900 93.6200 55.2700 51.1400 39.0300 43.7100 51.4500 26.1300 29.3800 31.3000 37.9200 35.4300
446 0 .3100 .2100 .3400 .6700 91.6400 32.2900 93.6200 55.2700 51.1400 39.0300 43.7100 51.4500 26.1300 29.3800 31.3000 37.9200 35.4300
447 0 .3100 .2100 .3400 .6700 91.6400 32.2900 93.6200 55.2700 51.1400 39.0300 43.7100 51.4500 26.1300 29.3800 31.3000 37.9200 35.4300
448 0 .3100 .2100 .3400 .6700 91.6400 32.2900 93.5400 55.2700 50.8700 39.0300 43.7100 51.4500 26.1300 29.3800 31.3000 37.9200 35.4300
450 0 .3100 .2100 .3400 .6700 91.6400 32.2900 93.5400 55.2700 50.8700 39.0300 43.7100 51.4500 26.1300 29.3800 31.3000 37.9200 35.4300
454 0 .3100 .2100 .3400 .6700 91.6400 32.2900 93.5400 55.2700 50.8700 39.0300 43.7100 51.4500 26.1300 29.3800 31.3000 37.9200 35.4300
456 0 .3100 .2100 .3400 .6700 91.6400 32.2900 93.5400 55.2700 50.8700 39.0300 43.7100 51.4500 26.1300 29.3800 31.3000 37.9200 35.4300
458 0 .3100 .2100 .3400 .6700 91.6400 32.2900 93.5400 55.2700 50.8700 39.0300 43.7100 51.4500 26.1300 29.3800 31.3000 37.9200 35.4300
460 0 .3100 .2100 .3400 .6700 91.6400 32.2900 93.5400 55.2700 50.8700 39.0300 43.7100 51.4500 26.1300 29.3800 31.3000 37.9200 35.4300
461 0 .3100 .2100 .3400 .6700 91.6400 32.2900 93.5400 55.2700 50.8700 39.0300 43.7100 51.4500 26.1300 29.3800 31.3000 37.9200 35.4300
469 0 .3100 .2100 .3400 .6700 91.6400 32.2900 93.5400 55.2700 50.8700 39.0300 43.7100 51.4500 26.1300 29.3800 31.3000 37.9200 35.4300
470 0 .3100 .2100 .3400 .6700 91.6400 32.2900 93.5400 55.2700 50.8700 39.0300 43.7100 51.4500 26.1300 29.3800 31.3000 37.9200 35.4300
472 0 .3100 .2100 .3400 .6700 91.6400 32.2900 93.5400 55.2700 50.8700 39.0300 43.7100 51.4500 26.1300 29.3800 31.3000 37.9200 35.4300
476 0 .3100 .2100 .3400 .6700 91.6400 32.2900 93.5400 55.2700 50.8700 39.0300 43.7100 51.4500 26.1300 29.3800 31.3000 37.9200 35.4300
477 0 .3100 .2100 .3400 .6700 91.6400 32.2900 93.5400 55.2700 50.8700 39.0300 43.7100 51.4500 26.1300 29.3800 31.3000 37.9200 35.4300
478 0 .3100 .2100 .3400 .6700 91.6400 32.2900 93.5400 55.2700 50.8700 39.0300 43.7100 51.4500 26.1300 29.3800 31.3000 37.9200 35.4300
480 0 .3100 .2100 .3400 .6700 91.6400 32.2900 93.5400 55.2700 50.8700 38.8300 43.7100 51.4500 26.1300 29.3800 31.3000 37.9200 35.4300
481 0 .3100 .2100 .3400 .6700 91.6400 32.2900 93.5400 55.2700 50.8700 38.8300 43.7100 51.4500 26.1300 29.3800 31.3000 37.9200 35.4300
482 0 .3100 .2100 .3400 .6700 91.6400 32.2900 93.5400 55.2700 50.8700 38.8300 43.7100 51.4500 26.1300 29.3800 31.3000 37.9200 35.4300
483 0 .3100 .2100 .3400 .6700 91.6400 32.2900 93.5400 55.2700 50.8700 38.8300 43.7100 51.4500 26.1300 29.3800 31.3000 37.9200 35.4300
484 0 .3100 .2100 .3400 .6700 91.6400 32.2900 93.5400 55.2700 50.8700 38.8300 43.7100 51.4500 26.1300 29.3800 31.3000 37.9200 35.4300
485 0 .3100 .2100 .3400 .6700 91.6400 32.2900 93.5400 55.2700 50.8700 38.8300 43.7100 51.4500 26.1300 29.3800 31.3000 37.9200 35.4300
487 0 .3100 .2100 .3400 .6700 91.6400 32.2900 93.5400 55.2700 50.8700 38.8300 43.7100 51.4500 26.1300 29.3800 31.3000 37.9200 35.4300
488 0 .3100 .2100 .3400 .6700 91.6400 32.2900 93.5400 55.2700 50.8700 38.8300 43.7100 51.4500 26.1300 29.3800 31.3000 37.9200 35.4300
489 0 .3100 .2100 .3400 .6700 91.6400 32.0900 93.5400 55.2700 50.8700 38.8300 43.7100 51.4500 26.1300 29.3800 31.3000 37.9200 35.4300
492 0 .3100 .2100 .3400 .6700 91.6400 32.0900 93.5400 55.2700 50.8700 38.8300 43.7100 51.4500 26.1300 29.3800 31.3000 37.9200 35.4300
497 0 .3100 .2100 .3400 .6700 91.6400 32.0900 93.5400 55.2700 50.8700 38.8300 43.7100 51.4500 26.1300 29.3800 31.3000 37.9200 35.4300
499 0 .3100 .2100 .3400 .6700 91.6400 32.0900 93.5400 55.2700 50.8700 38.8300 43.7100 51.4500 26.1300 29.3800 31.3000 37.9200 35.4300
500 0 .3100 .2100 .3400 .6700 91.6400 32.0900 93.5400 55.2700 50.8700 38.8300 43.7100 51.4500 26.1300 29.3800 31.3000 37.9200 35.4300
502 0 .3100 .2100 .3400 .6700 91.6400 32.0900 93.5400 55.2700 50.8700 38.8300 43.7100 51.4500 26.1300 29.3800 31.3000 37.9200 35.4300
503 0 .3100 .2100 .3400 .6700 91.6400 32.0900 93.5400 55.2700 50.8700 38.8300 43.7100 51.4500 26.1300 29.3800 31.3000 37.9200 35.4300
504 0 .3100 .2100 .3400 .6700 91.6400 32.0900 93.5400 55.2700 50.8700 38.8300 43.7100 51.4500 26.1300 29.3800 31.3000 37.9200 35.4300
505 0 .3100 .2100 .3400 .6700 91.6400 32.0900 93.5400 55.2700 50.8700 38.8300 43.7100 51.4500 26.1300 29.3800 31.3000 37.9200 35.4300
507 0 .3100 .2100 .3400 .6700 91.6400 32.0900 93.5400 55.2700 50.8700 38.8300 43.7100 51.4500 26.1300 29.3800 31.3000 37.9200 35.4300
514 0 .3100 .2100 .3400 .6700 91.6400 32.0900 93.5400 55.2700 50.8700 38.8300 43.7100 51.4500 26.1300 29.3800 31.3000 37.9200 35.4300
516 0 .3100 .2100 .3400 .6700 91.6400 32.0900 93.5400 55.0300 50.8700 38.7400 43.7100 51.4500 26.1300 29.3800 31.3000 37.9200 35.4300
517 0 .3100 .2100 .3400 .6700 91.6400 32.0900 93.5400 55.0300 50.8700 38.7400 43.7100 51.4500 26.1300 29.3800 31.3000 37.9200 35.4300
520 0 .3100 .2100 .3400 .6700 91.6400 32.0900 93.5400 55.0300 50.8700 38.7400 43.7100 51.4500 26.1300 29.3800 31.3000 37.9200 35.4300
524 0 .3100 .2100 .3400 .6700 91.6400 32.0900 93.5400 55.0300 50.8700 38.7400 43.7100 51.4500 26.1300 29.3800 31.3000 37.9200 35.4300
526 0 .3100 .2100 .3400 .6700 91.6400 32.0900 93.5400 55.0300 50.8700 38.7400 43.7100 51.4500 26.1300 29.3800 31.3000 37.9200 35.4300
529 0 .3100 .2100 .3400 .6700 91.6400 32.0900 93.5400 55.0300 50.8700 38.7400 43.7100 51.4500 26.1300 29.3800 31.3000 37.9200 35.4300
536 0 .3100 .2100 .3400 .6700 91.6400 32.0900 93.5400 55.0300 50.8700 38.7400 43.7100 51.4500 26.1300 29.3800 31.3000 37.9200 35.4300
537 0 .3100 .2100 .3400 .6700 91.6400 32.0900 93.5400 55.0300 50.8700 38.7400 43.7100 51.4500 26.1300 29.3800 31.3000 37.9200 35.4300
542 0 .3100 .2100 .3400 .6700 91.6400 32.0900 93.5400 55.0300 50.8700 38.7400 43.7100 51.4500 26.1300 29.3800 31.3000 37.9200 35.4300
548 0 .3100 .2100 .3400 .6700 91.6400 32.0900 93.5400 55.0300 50.8700 38.7400 43.7100 51.4500 26.1300 29.3800 31.3000 37.9200 35.4300
549 0 .3100 .2100 .3400 .6700 91.6400 32.0900 93.5400 55.0300 50.8700 38.7400 43.7100 51.4500 26.1300 29.3800 31.3000 37.9200 35.4300
556 0 .3100 .2100 .3400 .6700 91.6400 32.0900 93.5400 55.0300 50.8700 38.7400 43.7100 51.4500 26.1300 29.3800 31.3000 37.9200 35.4300
557 0 .3100 .2100 .3400 .6700 91.6400 32.0900 93.5400 55.0300 50.8700 38.7400 43.7100 51.4500 26.1300 29.3800 31.3000 37.9200 35.4300
559 0 .3100 .2100 .3400 .6700 91.6400 32.0900 93.5400 55.0300 50.8700 38.7400 43.7100 51.4500 26.1300 29.3800 31.3000 37.9200 35.4300
561 0 .3100 .2100 .3400 .6700 91.6400 32.0900 93.5400 55.0300 50.8700 38.7400 43.7100 51.4500 26.1300 29.3800 31.3000 37.9200 35.4300
