6 100.0000 100.0000 100.0000 100.0000 100.0000 100.0000 100.0000 100.0000 100.0000 100.0000 100.0000 100.0000 100.0000 100.0000 100.0000 100.0000 100.0000 100.0000
7 100.0000 100.0000 6.8700 100.0000 5.5700 100.0000 100.0000 100.0000 100.0000 100.0000 100.0000 100.0000 100.0000 100.0000 100.0000 100.0000 100.0000 100.0000
8 100.0000 12.5500 6.8700 5.2200 5.5700 100.0000 100.0000 100.0000 100.0000 100.0000 100.0000 100.0000 100.0000 100.0000 100.0000 100.0000 100.0000 100.0000
9 8.1200 12.5500 6.7100 5.2200 5.5700 100.0000 100.0000 100.0000 100.0000 100.0000 100.0000 100.0000 100.0000 100.0000 100.0000 100.0000 100.0000 100.0000
10 8.1200 12.5500 6.7100 5.2200 5.5700 100.0000 100.0000 100.0000 100.0000 100.0000 100.0000 100.0000 100.0000 100.0000 100.0000 100.0000 100.0000 100.0000
11 8.1200 12.5500 6.7100 5.2200 3.8700 100.0000 100.0000 100.0000 100.0000 100.0000 100.0000 100.0000 100.0000 100.0000 100.0000 100.0000 100.0000 100.0000
12 8.1200 12.5500 6.5900 3.6300 3.8700 100.0000 100.0000 100.0000 100.0000 100.0000 100.0000 100.0000 100.0000 100.0000 100.0000 100.0000 100.0000 100.0000
13 8.1200 11.3000 6.5900 3.6300 3.8700 100.0000 100.0000 100.0000 100.0000 100.0000 100.0000 100.0000 100.0000 100.0000 100.0000 100.0000 100.0000 100.0000
14 8.1200 11.3000 6.5900 3.6300 3.8100 100.0000 100.0000 100.0000 100.0000 100.0000 100.0000 100.0000 100.0000 100.0000 100.0000 100.0000 100.0000 100.0000
15 8.1200 11.3000 6.5900 3.5700 3.8100 100.0000 100.0000 100.0000 100.0000 100.0000 100.0000 100.0000 100.0000 100.0000 100.0000 100.0000 100.0000 100.0000
16 8.1200 9.6800 6.5900 3.5700 3.8100 100.0000 100.0000 100.0000 100.0000 100.0000 100.0000 100.0000 100.0000 100.0000 100.0000 100.0000 100.0000 100.0000
17 8.1200 9.6800 6.5900 3.5700 3.8100 100.0000 100.0000 100.0000 100.0000 100.0000 100.0000 100.0000 100.0000 100.0000 100.0000 100.0000 100.0000 100.0000
18 7.9500 8.9500 6.5900 3.5700 3.8100 100.0000 100.0000 100.0000 100.0000 100.0000 100.0000 100.0000 100.0000 100.0000 100.0000 100.0000 100.0000 100.0000
19 7.9500 8.7400 6.5900 3.5700 3.8100 100.0000 100.0000 100.0000 100.0000 100.0000 100.0000 100.0000 100.0000 100.0000 100.0000 100.0000 100.0000 100.0000
20 7.9500 8.7400 6.5900 3.5700 3.8100 100.0000 100.0000 100.0000 100.0000 100.0000 100.0000 100.0000 100.0000 100.0000 100.0000 100.0000 100.0000 100.0000
21 7.9500 8.4300 6.5900 3.5700 3.8100 100.0000 100.0000 100.0000 100.0000 100.0000 100.0000 100.0000 100.0000 100.0000 100.0000 100.0000 100.0000 100.0000
22 7.9500 8.2900 6.5900 3.5700 3.8100 100.0000 100.0000 100.0000 100.0000 100.0000 100.0000 47.0500 100.0000 100.0000 100.0000 100.0000 100.0000 100.0000
23 7.9500 8.1800 6.5900 3.5700 3.8100 100.0000 100.0000 100.0000 100.0000 75.6000 100.0000 47.0500 100.0000 100.0000 100.0000 100.0000 100.0000 100.0000
24 7.9500 8.1300 6.5900 3.5700 3.8100 100.0000 100.0000 80.0000 100.0000 75.6000 100.0000 47.0500 100.0000 100.0000 100.0000 100.0000 100.0000 100.0000
25 7.9500 8.1300 6.5900 3.5700 3.8100 100.0000 100.0000 80.0000 45.4500 75.6000 88.8100 47.0500 100.0000 100.0000 100.0000 100.0000 100.0000 100.0000
26 7.9500 8.1300 6.5900 3.5700 3.8100 59.7700 100.0000 80.0000 45.4500 75.6000 88.8100 47.0500 100.0000 100.0000 100.0000 100.0000 100.0000 100.0000
27 7.9500 8.1300 6.5900 3.5700 3.8100 59.7700 100.0000 80.0000 45.4500 75.6000 88.8100 47.0500 67.5600 100.0000 100.0000 100.0000 100.0000 13.2500
28 7.9500 8.1300 6.5900 3.5700 3.8100 59.7700 53.3700 80.0000 45.4500 75.6000 88.8100 47.0500 67.5600 100.0000 100.0000 100.0000 100.0000 13.2500
29 7.9500 8.1300 6.5900 3.5700 3.8100 59.7700 53.3700 80.0000 45.4500 75.6000 88.8100 47.0500 67.5600 100.0000 100.0000 100.0000 100.0000 13.2500
30 7.9500 8.1300 6.5900 3.5700 3.8100 59.7700 53.3700 80.0000 45.4500 75.6000 88.8100 47.0500 67.5600 62.5500 61.5700 100.0000 100.0000 13.2500
31 7.9500 8.1300 6.5900 3.5700 3.8100 59.7700 53.3700 80.0000 45.4500 75.6000 88.8100 47.0500 67.5600 62.5500 61.5700 100.0000 100.0000 13.2500
32 7.9500 8.1300 6.5900 3.5700 3.8100 59.7700 53.3700 80.0000 45.4500 75.6000 88.8100 47.0500 67.5600 62.5500 61.5700 100.0000 100.0000 13.2500
33 7.9500 8.1300 6.5900 3.5700 3.8100 59.7700 53.3700 80.0000 45.4500 75.6000 88.8100 47.0500 67.5600 62.5500 61.5700 67.2700 100.0000 13.2500
34 7.9500 8.1300 6.5900 3.5700 3.8100 59.7700 53.3700 80.0000 45.4500 75.6000 88.8100 47.0500 67.5600 62.5500 61.5700 67.2700 67.5600 13.2500
35 7.9500 8.1300 6.5900 3.5700 3.8100 59.7700 53.3700 80.0000 45.4500 75.6000 88.8100 47.0500 67.5600 62.5500 61.5700 67.2700 67.5600 13.2500
36 7.9500 8.1300 6.5900 3.5700 3.8100 59.7700 53.3700 80.0000 45.4500 75.6000 88.8100 47.0500 67.5600 62.5500 61.5700 67.2700 67.5600 13.2500
37 7.9500 8.1300 6.5900 3.5700 3.8100 59.7700 53.3700 80.0000 45.4500 75.6000 88.8100 47.0500 67.5600 62.5500 61.5700 67.2700 67.5600 13.2500
38 7.9500 8.1300 6.5900 3.5700 3.8100 59.7700 53.3700 80.0000 45.4500 75.6000 88.8100 47.0500 67.5600 62.5500 61.5700 67.2700 67.5600 13.2500
39 7.9500 8.1300 6.5900 3.5700 3.8100 59.7700 53.3700 80.0000 45.4500 75.6000 88.8100 47.0500 67.5600 62.5500 61.5700 67.2700 67.5600 13.2500
40 7.9500 8.1300 6.5900 3.5700 3.8100 59.7700 53.3700 80.0000 45.4500 75.6000 88.8100 47.0500 67.5600 62.5500 61.5700 67.2700 67.5600 13.2500
41 7.9500 8.1300 6.5900 3.5700 3.8100 59.7700 53.3700 80.0000 45.4500 75.6000 88.8100 47.0500 67.5600 62.5500 61.5700 67.2700 67.5600 13.2500
42 7.9500 8.1300 6.5900 3.5700 3.8100 59.7700 53.3700 80.0000 45.4500 75.6000 88.8100 47.0500 67.5600 62.5500 61.5700 67.2700 67.5600 13.2500
43 7.9500 8.1300 6.5900 3.5700 3.8100 59.7700 53.3700 80.0000 45.4500 75.6000 88.8100 47.0500 67.5600 62.5500 61.5700 67.2700 67.5600 13.2500
44 7.9500 8.1300 6.5900 3.5700 3.8100 59.7700 53.3700 80.0000 45.4500 75.6000 88.8100 47.0500 67.5600 62.5500 61.5700 67.2700 67.5600 13.2500
45 7.9500 8.1300 6.5900 3.5700 3.8100 59.7700 53.3700 80.0000 45.4500 75.6000 88.8100 47.0500 67.5600 62.5500 61.5700 67.2700 67.5600 13.2500
46 7.9500 8.1300 6.5900 3.5700 3.8100 59.7700 53.3700 80.0000 45.4500 75.6000 88.8100 47.0500 67.5600 62.5500 61.5700 67.2700 67.5600 13.2500
47 7.9500 8.1300 6.5900 3.5700 3.8100 59.7700 53.3700 80.0000 45.4500 75.6000 88.8100 47.0500 67.5600 62.5500 61.5700 67.2700 67.5600 13.2500
48 7.9500 8.1300 6.5900 3.5700 3.8100 50.1700 53.3700 80.0000 45.4500 75.6000 88.8100 47.0500 67.5600 62.5500 61.5700 67.2700 67.5600 13.2500
49 7.9500 8.1300 6.5900 3.5700 3.8100 50.1700 51.0300 80.0000 45.4500 75.6000 88.8100 47.0500 67.5600 62.5500 61.5700 67.2700 67.5600 13.2500
50 7.9500 8.1300 6.5900 3.5700 3.8100 50.1700 51.0300 80.0000 45.4500 75.6000 88.8100 47.0500 67.5600 62.5500 61.5700 67.2700 67.5600 13.2500
51 7.9500 8.1300 6.5900 3.5700 3.8100 50.1700 51.0300 80.0000 45.4500 75.6000 88.8100 47.0500 67.5600 62.5500 61.5700 67.2700 67.5600 13.2500
52 7.9500 8.1300 6.5900 3.5700 3.8100 50.1700 51.0300 80.0000 45.4500 75.6000 88.8100 47.0500 67.5600 62.5500 61.5700 67.2700 67.5600 13.2500
53 7.9500 8.1300 6.5900 3.5700 3.8100 50.1700 51.0300 80.0000 45.4500 75.6000 88.8100 47.0500 67.5600 62.5500 61.5700 67.2700 67.5600 13.2500
54 7.9500 8.1300 6.5900 3.5700 3.8100 50.1700 51.0300 80.0000 45.4500 75.6000 88.8100 47.0500 67.5600 62.5500 61.5700 67.2700 67.5600 13.2500
55 7.9500 8.1300 6.5900 3.5700 3.8100 50.1700 51.0300 80.0000 45.4500 75.6000 88.8100 47.0500 67.5600 62.5500 61.5700 67.2700 67.5600 13.2500
56 7.9500 8.1300 6.5900 3.5700 3.8100 50.1700 51.0300 80.0000 45.4500 75.6000 88.8100 47.0500 67.5600 62.5500 61.5700 67.2700 67.5600 13.2500
57 7.9500 8.1300 6.5900 3.5700 3.8100 50.1700 51.0300 80.0000 45.4500 75.6000 88.8100 47.0500 67.5600 62.5500 61.5700 67.2700 67.5600 13.2500
58 7.9500 8.1300 6.5900 3.5700 3.8100 50.1700 51.0300 80.0000 45.4500 75.6000 88.8100 47.0500 67.5600 62.5500 61.5700 67.2700 67.5600 13.2500
59 7.9500 8.1300 6.5900 3.5700 3.8100 50.1700 51.0300 80.0000 45.4500 75.6000 88.8100 47.0500 67.5600 62.5500 61.5700 67.2700 67.5600 13.2500
60 7.9500 8.1300 6.5900 3.5700 3.8100 50.1700 51.0300 80.0000 45.4500 75.6000 88.8100 47.0500 67.5600 62.5500 61.5700 67.2700 67.5600 13.2500
61 7.9500 8.1300 6.5900 3.5700 3.8100 50.1700 51.0300 80.0000 45.4500 75.6000 88.8100 47.0500 67.5600 62.5500 61.5700 67.2700 67.5600 13.2500
62 7.9500 8.1300 6.5900 3.5700 3.8100 50.1700 51.0300 80.0000 45.4500 75.6000 88.8100 47.0500 67.5600 62.5500 61.5700 67.2700 67.5600 13.2500
63 7.9500 8.1300 6.5900 3.5700 3.8100 50.1700 51.0300 80.0000 45.4500 75.6000 88.8100 47.0500 67.5600 62.5500 61.5700 67.2700 67.5600 13.2500
64 7.9500 8.1300 6.5900 3.5700 3.8100 50.1700 51.0300 80.0000 45.4500 75.6000 88.8100 47.0500 67.5600 62.5500 61.5700 67.2700 67.5600 13.2500
65 7.9500 8.1300 6.5900 3.5700 3.8100 50.1700 51.0300 80.0000 45.4500 75.6000 88.8100 47.0500 67.5600 62.5500 61.5700 67.2700 67.5600 13.2500
66 7.9500 8.1300 6.5900 3.5700 3.8100 50.1700 51.0300 80.0000 45.4500 75.6000 88.8100 47.0500 67.5600 62.5500 61.5700 67.2700 67.5600 13.2500
67 7.9500 8.1300 6.5900 3.5700 3.8100 50.1700 51.0300 80.0000 45.4500 75.6000 88.8100 47.0500 67.5600 62.5500 61.5700 67.2700 67.5600 13.2500
68 7.9500 8.1300 6.5900 3.5700 3.8100 50.1700 51.0300 80.0000 45.4500 75.6000 88.8100 47.0500 67.5600 62.5500 61.5700 67.2700 67.5600 13.2500
69 7.9500 8.1300 6.5900 3.5700 3.8100 50.1700 51.0300 80.0000 45.4500 75.6000 88.8100 47.0500 67.5600 62.5500 61.5700 67.2700 67.5600 13.2500
70 7.9500 8.1300 6.5900 3.5700 3.8100 50.1700 51.0300 80.0000 45.4500 75.6000 88.8100 47.0500 67.5600 62.5500 61.5700 67.2700 67.5600 13.2500
71 7.9500 8.1300 6.5900 3.5700 3.8100 50.1700 51.0300 78.8500 45.4500 75.6000 88.8100 47.0500 67.5600 62.5500 61.5700 67.2700 67.5600 13.2500
72 7.9500 8.1300 6.5900 3.5700 3.8100 50.1700 51.0300 78.8500 45.4500 75.6000 88.8100 47.0500 67.5600 62.5500 61.5700 67.2700 67.5600 13.2500
73 7.9500 8.1300 6.5900 3.5700 3.8100 50.1700 51.0300 78.8500 44.0900 75.6000 88.8100 47.0500 67.5600 62.5500 61.5700 67.2700 67.5600 13.2500
74 7.9500 8.1300 6.5900 3.5700 3.8100 50.1700 51.0300 78.8500 44.0900 75.6000 88.8100 47.0500 67.5600 62.5500 61.5700 67.2700 67.5600 13.2500
75 7.9500 8.1300 6.5900 3.5700 3.8100 50.1700 51.0300 78.8500 44.0900 71.3700 88.8100 47.0500 67.5600 62.5500 61.5700 67.2700 67.5600 13.2500
76 7.9500 8.1300 6.5900 3.5700 3.8100 50.1700 51.0300 78.8500 44.0900 71.3700 88.8100 47.0500 67.5600 62.5500 61.5700 67.2700 67.5600 13.2500
77 7.9500 8.1300 6.5900 3.5700 3.8100 50.1700 51.0300 78.8500 44.0900 71.3700 88.8100 47.0500 67.5600 62.5500 61.5700 67.2700 67.5600 13.2500
78 7.9500 8.1300 6.5900 3.5700 3.8100 50.1700 51.0300 78.8500 44.0900 71.3700 88.8100 47.0500 67.5600 62.5500 61.5700 67.2700 67.5600 13.2500
79 7.9500 8.1300 6.5900 3.5700 3.8100 50.1700 51.0300 78.8500 44.0900 71.3700 88.8100 47.0500 67.5600 62.5500 61.5700 67.2700 67.5600 13.2500
80 7.9500 8.1300 6.5900 3.5700 3.8100 50.1700 51.0300 78.8500 44.0900 71.3700 88.8100 47.0500 67.5600 62.5500 61.5700 67.2700 67.5600 13.2500
81 7.9500 8.1300 6.5900 3.5700 3.8100 50.1700 51.0300 78.8500 44.0900 71.3700 88.8100 47.0500 67.5600 62.5500 61.5700 67.2700 67.5600 13.2500
83 7.9500 8.1300 6.5900 3.5700 3.8100 50.1700 51.0300 78.8500 44.0900 71.3700 88.8100 47.0500 67.5600 62.5500 61.5700 67.2700 67.5600 13.2500
84 7.9500 8.1300 6.5900 3.5700 3.8100 50.1700 51.0300 78.8500 44.0900 71.3700 88.8100 47.0500 67.5600 62.5500 61.5700 67.2700 67.5600 13.2500
85 7.9500 8.1300 6.5900 3.5700 3.8100 50.1700 51.0300 78.8500 44.0900 71.3700 88.8100 47.0500 67.5600 62.5500 61.5700 67.2700 67.5600 13.2500
86 7.9500 8.1300 6.5900 3.5700 3.8100 50.1700 51.0300 78.8500 44.0900 71.3700 88.8100 47.0500 67.5600 62.5500 61.5700 67.2700 67.5600 13.2500
87 7.9500 8.1300 6.5900 3.5700 3.8100 50.1700 51.0300 78.8500 44.0900 71.3700 88.8100 47.0500 67.5600 62.5500 61.5700 67.2700 67.5600 13.2500
88 7.9500 8.1300 6.5900 3.5700 3.8100 50.1700 51.0300 78.8500 44.0900 71.3700 88.8100 47.0500 67.5600 62.5500 61.5700 67.2700 67.5600 13.2500
89 7.9500 8.1300 6.5900 3.5700 3.8100 50.1700 51.0300 78.8500 44.0900 71.3700 88.8100 47.0500 67.5600 62.5500 61.5700 67.2700 67.5600 13.2500
90 7.9500 8.1300 6.5900 3.5700 3.8100 50.1700 51.0300 78.8500 44.0900 71.3700 88.8100 47.0500 67.5600 62.5500 61.5700 67.0300 67.5600 13.2500
91 7.9500 8.1300 6.5900 3.5700 3.8100 50.1700 51.0300 78.8500 44.0900 71.3700 88.8100 47.0500 67.5600 62.5500 61.5700 67.0300 67.5600 13.2500
92 7.9500 8.1300 6.5900 3.5700 3.8100 50.1700 51.0300 78.8500 44.0900 71.3700 88.8100 47.0500 67.5600 62.5500 61.5700 67.0300 67.5600 13.2500
93 7.9500 8.1300 6.5900 3.5700 3.8100 50.1700 51.0300 78.8500 44.0900 71.3700 88.8100 47.0500 67.5600 62.5500 61.5700 67.0300 67.5600 13.2500
94 7.9500 8.1300 6.5900 3.5700 3.8100 50.1700 51.0300 78.8500 44.0900 71.3700 88.8100 47.0500 67.5600 62.5500 61.5700 67.0300 67.5600 13.2500
95 7.9500 8.1300 6.5900 3.5700 3.8100 50.1700 51.0300 78.8500 44.0900 71.3700 88.8100 47.0500 67.5600 62.5500 61.5700 67.0300 67.5600 13.2500
96 7.9500 8.1300 6.5900 3.5700 3.8100 50.1700 51.0300 78.8500 44.0900 71.3700 88.8100 47.0500 67.5600 62.5500 61.5700 67.0300 67.5600 13.2500
97 7.9500 8.1300 6.5900 3.5700 3.8100 50.1700 51.0300 78.8500 44.0900 71.3700 88.8100 47.0500 67.5600 62.5500 61.5700 67.0300 67.5600 13.2500
98 7.9500 8.1300 6.5900 3.5700 3.8100 50.1700 51.0300 78.8500 44.0900 71.3700 88.8100 47.0500 67.5600 62.5500 61.5700 67.0300 67.5600 13.2500
99 7.9500 8.1300 6.5900 3.5700 3.8100 40.8900 51.0300 78.8500 44.0900 71.3700 88.8100 47.0500 67.5600 62.5500 61.5700 67.0300 67.5600 13.2500
100 7.9500 8.1300 6.5900 3.5700 3.8100 40.8900 51.0300 78.8500 42.2000 71.3700 88.8100 47.0500 67.5600 62.5500 61.5700 67.0300 67.5600 13.2500
101 7.9500 8.1300 6.5900 3.5700 3.8100 40.8900 51.0300 78.8500 42.2000 71.3700 88.8100 47.0500 67.5600 62.5500 61.5700 67.0300 67.5600 13.2500
102 7.9500 8.1300 6.5900 3.5700 3.8100 40.8900 51.0300 78.8500 42.2000 71.3700 88.8100 47.0500 67.5600 62.5500 61.5700 67.0300 67.5600 13.2500
103 7.9500 8.1300 6.5900 3.5700 3.8100 40.8900 51.0300 77.9000 42.2000 71.3700 88.8100 47.0500 67.5600 62.5500 61.5700 67.0300 67.5600 13.2500
104 7.9500 8.1300 6.5900 3.5700 3.8100 40.8900 51.0300 77.9000 42.2000 71.3700 88.8100 47.0500 67.5600 62.5500 61.5700 67.0300 67.5600 13.2500
107 7.9500 8.1300 6.5900 3.5700 3.8100 40.8900 51.0300 77.9000 42.2000 71.3700 88.8100 47.0500 67.5600 62.5500 61.5700 67.0300 67.5600 13.2500
108 7.9500 8.1300 6.5900 3.5700 3.8100 40.8900 51.0300 77.9000 42.2000 71.3700 88.8100 47.0500 67.5600 62.5500 61.5700 67.0300 67.5600 13.2500
110 7.9500 8.1300 6.5900 3.5700 3.8100 40.8900 40.7100 77.9000 42.2000 71.3700 88.8100 47.0500 67.5600 62.5500 61.5700 67.0300 67.5600 13.2500
111 7.9500 8.1300 6.5900 3.5700 3.8100 40.8900 40.7100 77.9000 42.2000 71.3700 88.8100 47.0500 67.5600 62.5500 61.5700 67.0300 67.5600 13.2500
112 7.9500 8.1300 6.5900 3.5700 3.8100 40.8900 40.7100 77.9000 42.2000 71.3700 88.8100 47.0500 67.5600 62.5500 61.5700 67.0300 67.5600 13.2500
113 7.9500 8.1300 6.5900 3.5700 3.8100 40.8900 40.7100 77.9000 42.2000 71.3700 88.8100 47.0500 67.5600 62.5500 61.5700 67.0300 67.5600 13.2500
117 7.9500 8.1300 6.5900 3.5700 3.8100 40.8900 40.7100 77.9000 42.2000 71.3700 88.8100 47.0500 67.5600 62.5500 61.5700 67.0300 67.5600 13.2500
119 7.9500 8.1300 6.5900 3.5700 3.8100 40.8900 40.7100 77.9000 42.2000 71.3700 88.8100 47.0500 67.5600 62.5500 61.5700 67.0300 67.5600 13.2500
120 7.9500 8.1300 6.5900 3.5700 3.8100 40.8900 40.7100 77.9000 42.2000 71.3700 88.8100 47.0500 67.5600 62.5500 61.5700 67.0300 67.5600 13.2500
121 7.9500 8.1300 6.5900 3.5700 3.8100 40.8900 40.7100 77.9000 42.2000 71.3700 88.8100 47.0500 67.5600 62.5500 61.5700 67.0300 67.5600 13.2500
122 7.9500 8.1300 6.5900 3.5700 3.8100 40.8900 40.7100 77.9000 42.2000 71.3700 88.8100 47.0500 67.5600 62.5500 61.5700 67.0300 67.5600 13.2500
123 7.9500 8.1300 6.5900 3.5700 3.8100 40.8900 40.7100 77.9000 42.2000 71.3700 88.8100 47.0500 67.5600 62.5500 61.5700 67.0300 67.5600 13.2500
124 7.9500 8.1300 6.5900 3.5700 3.8100 40.8900 40.7100 77.9000 42.2000 58.0000 88.8100 47.0500 67.5600 62.5500 61.5700 67.0300 67.5600 13.2500
125 7.9500 8.1300 6.5900 3.5700 3.8100 40.8900 40.7100 77.9000 42.2000 58.0000 88.8100 47.0500 67.5600 62.5500 61.5700 67.0300 67.5600 13.2500
126 7.9500 8.1300 6.5900 3.5700 3.8100 40.8900 40.7100 77.9000 42.2000 58.0000 88.8100 47.0500 67.5600 62.5500 61.5700 67.0300 67.5600 13.2500
127 7.9500 8.1300 6.5900 3.5700 3.8100 40.8900 40.7100 77.9000 42.2000 58.0000 88.8100 47.0500 67.5600 62.5500 61.5700 67.0300 67.5600 13.2500
128 7.9500 8.1300 6.5900 3.5700 3.8100 40.8900 40.7100 77.9000 42.2000 58.0000 88.8100 47.0500 67.5600 62.5500 61.5700 67.0300 67.5600 13.2500
129 7.9500 8.1300 6.5900 3.5700 3.8100 40.8900 40.7100 77.9000 42.2000 58.0000 88.8100 47.0500 67.5600 62.5500 61.5700 67.0300 67.5600 13.2500
130 7.9500 8.1300 6.5900 3.5700 3.8100 40.8900 40.7100 77.9000 42.2000 58.0000 88.8100 47.0500 67.5600 62.5500 61.5700 67.0300 67.5600 13.2500
131 7.9500 8.1300 6.5900 3.5700 3.8100 40.8900 40.7100 77.9000 42.2000 58.0000 88.8100 47.0500 67.5600 62.5500 61.5700 67.0300 67.5600 13.2500
132 7.9500 8.1300 6.5900 3.5700 3.8100 40.8900 40.7100 77.9000 42.2000 58.0000 88.8100 47.0500 67.5600 62.5500 61.5700 67.0300 67.5600 13.2500
133 7.9500 8.1300 6.5900 3.5700 3.8100 40.8900 40.7100 77.9000 42.2000 58.0000 88.8100 47.0500 67.5600 62.5500 61.5700 67.0300 67.5600 13.2500
134 7.9500 8.1300 6.5900 3.5700 3.8100 40.8900 40.7100 77.9000 42.2000 58.0000 88.8100 47.0500 67.5600 62.5500 61.5700 67.0300 67.5600 13.2500
135 7.9500 8.1300 6.5900 3.5700 3.8100 40.8900 40.7100 77.9000 42.2000 58.0000 88.8100 47.0500 67.5600 62.5500 61.5700 67.0300 67.5600 13.2500
136 7.9500 8.1300 6.5900 3.5700 3.8100 40.8900 40.7100 77.9000 42.2000 58.0000 88.8100 47.0500 67.5600 62.5500 61.5700 67.0300 67.5600 13.2500
137 7.9500 8.1300 6.5900 3.5700 3.8100 40.8900 40.7100 77.9000 42.2000 58.0000 88.8100 47.0500 67.5600 62.5500 61.5700 67.0300 67.5600 13.2500
138 7.9500 8.1300 6.5900 3.5700 3.8100 40.8900 40.7100 77.9000 42.2000 58.0000 88.8100 47.0500 67.5600 62.5500 61.5700 67.0300 67.5600 13.2500
139 7.9500 8.1300 6.5900 3.5700 3.8100 40.8900 40.7100 77.9000 42.2000 58.0000 88.8100 47.0500 67.5600 62.5500 61.5700 67.0300 67.5600 13.2500
140 7.9500 8.1300 6.5900 3.5700 3.8100 40.8900 40.7100 77.9000 42.2000 58.0000 88.8100 47.0500 67.5600 62.5500 61.5700 67.0300 67.5600 13.2500
141 7.9500 8.1300 6.5900 3.5700 3.8100 40.8900 40.7100 77.9000 42.2000 58.0000 88.8100 47.0500 67.5600 62.5500 61.5700 67.0300 67.5600 13.2500
142 7.9500 8.1300 6.5900 3.5700 3.8100 40.8900 40.7100 77.9000 42.2000 58.0000 88.8100 47.0500 67.5600 62.5500 61.5700 67.0300 67.5600 13.2500
143 7.9500 8.1300 6.5900 3.5700 3.8100 40.8900 40.7100 77.9000 40.8700 58.0000 88.8100 47.0500 67.5600 62.5500 51.8700 67.0300 67.5600 13.2500
146 7.9500 8.1300 6.5900 3.5700 3.8100 40.8900 40.7100 77.9000 40.8700 58.0000 88.8100 47.0500 67.5600 62.5500 51.8700 67.0300 67.5600 13.2500
147 7.9500 8.1300 6.5900 3.5700 3.8100 40.8900 40.7100 77.9000 40.8700 58.0000 88.8100 47.0500 67.5600 62.5500 51.8700 67.0300 67.5600 13.2500
148 7.9500 8.1300 6.5900 3.5700 3.8100 40.8900 40.7100 77.9000 40.8700 58.0000 88.8100 47.0500 67.5600 62.5500 51.8700 67.0300 67.5600 13.2500
149 7.9500 8.1300 6.5900 3.5700 3.8100 40.8900 40.7100 77.9000 40.8700 58.0000 88.8100 47.0500 67.5600 62.5500 51.8700 67.0300 67.5600 13.2500
150 7.9500 8.1300 6.5900 3.5700 3.8100 40.8900 40.7100 77.9000 40.8700 58.0000 88.8100 47.0500 67.5600 62.5500 51.8700 67.0300 67.5600 13.2500
151 7.9500 8.1300 6.5900 3.5700 3.8100 31.4600 40.7100 77.9000 40.8700 58.0000 88.8100 47.0500 67.5600 62.5500 51.8700 67.0300 67.5600 13.2500
152 7.9500 8.1300 6.5900 3.5700 3.8100 31.4600 40.7100 77.9000 40.8700 58.0000 88.8100 47.0500 67.5600 62.5500 51.8700 67.0300 67.5600 13.2500
153 7.9500 8.1300 6.5900 3.5700 3.8100 31.4600 40.7100 77.9000 40.8700 58.0000 88.8100 47.0500 67.5600 62.5500 51.8700 67.0300 67.5600 13.2500
154 7.9500 8.1300 6.5900 3.5700 3.8100 31.4600 40.7100 77.9000 40.8700 58.0000 88.8100 47.0500 67.5600 62.5500 51.8700 67.0300 67.5600 13.2500
155 7.9500 8.1300 6.5900 3.5700 3.8100 31.4600 40.7100 77.9000 40.8700 58.0000 88.8100 47.0500 67.5600 62.5500 51.8700 67.0300 67.5600 13.2500
156 7.9500 8.1300 6.5900 3.5700 3.8100 31.4600 40.7100 77.9000 40.8700 58.0000 88.8100 47.0500 67.5600 62.5500 51.8700 67.0300 67.5600 13.2500
158 7.9500 8.1300 6.5900 3.5700 3.8100 31.4600 31.9800 77.9000 40.8700 58.0000 88.8100 47.0500 67.5600 62.5500 51.8700 67.0300 67.5600 13.2500
159 7.9500 8.1300 6.5900 3.5700 3.8100 31.4600 31.9800 77.9000 40.8700 58.0000 88.8100 47.0500 67.5600 62.5500 51.8700 67.0300 67.5600 13.2500
160 7.9500 8.1300 6.5900 3.5700 3.8100 31.4600 31.9800 77.9000 40.8700 58.0000 88.8100 47.0500 67.5600 62.5500 51.8700 67.0300 67.5600 13.2500
161 7.9500 8.1300 6.5900 3.5700 3.8100 31.4600 31.9800 77.9000 40.8700 58.0000 88.8100 47.0500 67.5600 62.5500 51.8700 67.0300 67.5600 13.2500
162 7.9500 8.1300 6.5900 3.5700 3.8100 31.4600 31.9800 77.9000 40.8700 58.0000 88.8100 47.0500 67.5600 62.5500 51.8700 67.0300 67.5600 13.2500
163 7.9500 8.1300 6.5900 3.5700 3.8100 31.4600 31.9800 77.9000 40.8700 58.0000 88.8100 47.0500 67.5600 62.5500 51.8700 67.0300 67.5600 13.2500
164 7.9500 8.1300 6.5900 3.5700 3.8100 31.4600 31.9800 77.9000 40.8700 58.0000 88.8100 47.0500 67.5600 62.5500 51.8700 67.0300 67.5600 13.2500
165 7.9500 8.1300 6.5900 3.5700 3.8100 31.4600 31.9800 77.9000 40.8700 58.0000 88.8100 47.0500 67.5600 62.5500 51.8700 67.0300 48.4000 13.2500
166 7.9500 8.1300 6.5900 3.5700 3.8100 31.4600 31.9800 77.9000 40.8700 58.0000 88.8100 47.0500 67.5600 53.2300 51.8700 67.0300 48.4000 13.2500
167 7.9500 8.1300 6.5900 3.5700 3.8100 31.4600 31.9800 77.9000 40.8700 58.0000 88.8100 47.0500 67.5600 53.2300 51.8700 67.0300 48.4000 13.2500
168 7.9500 8.1300 6.5900 3.5700 3.8100 31.4600 31.9800 77.9000 40.8700 58.0000 88.8100 47.0500 67.5600 53.2300 51.8700 67.0300 48.4000 13.2500
169 7.9500 8.1300 6.5900 3.5700 3.8100 31.4600 31.9800 73.0900 40.8700 58.0000 88.8100 47.0500 67.5600 53.2300 51.8700 67.0300 48.4000 13.2500
170 7.9500 8.1300 6.5900 3.5700 3.8100 31.4600 31.9800 73.0900 40.8700 58.0000 88.8100 47.0500 67.5600 53.2300 51.8700 67.0300 48.4000 13.2500
171 7.9500 8.1300 6.5900 3.5700 3.8100 31.4600 31.9800 73.0900 40.8700 58.0000 88.8100 47.0500 67.5600 53.2300 51.8700 51.2300 48.4000 13.2500
172 7.9500 8.1300 6.5900 3.5700 3.8100 31.4600 31.9800 73.0900 40.8700 58.0000 88.8100 47.0500 67.5600 53.2300 51.8700 51.2300 48.4000 13.2500
173 7.9500 8.1300 6.5900 3.5700 3.8100 31.4600 31.9800 73.0900 40.8700 58.0000 88.8100 47.0500 67.5600 53.2300 51.8700 51.2300 48.4000 13.2500
174 7.9500 8.1300 6.5900 3.5700 3.8100 31.4600 31.9800 73.0900 40.8700 58.0000 88.8100 47.0500 67.5600 53.2300 51.8700 51.2300 48.4000 13.2500
175 7.9500 8.1300 6.5900 3.5700 3.8100 31.4600 31.9800 73.0900 40.8700 58.0000 88.8100 47.0500 67.5600 53.2300 51.8700 51.2300 48.4000 13.2500
176 7.9500 8.1300 6.5900 3.5700 3.8100 31.4600 31.9800 73.0900 40.8700 58.0000 88.8100 47.0500 67.5600 53.2300 51.8700 51.2300 48.4000 13.2500
177 7.9500 8.1300 6.5900 3.5700 3.8100 31.4600 31.9800 73.0900 40.8700 58.0000 88.8100 47.0500 67.5600 53.2300 51.8700 51.2300 48.4000 13.2500
178 7.9500 8.1300 6.5900 3.5700 3.8100 31.4600 31.9800 73.0900 40.8700 58.0000 88.8100 47.0500 67.5600 53.2300 51.8700 51.2300 48.4000 13.2500
179 7.9500 8.1300 6.5900 3.5700 3.8100 31.4600 31.9800 73.0900 40.8700 58.0000 88.8100 47.0500 67.5600 53.2300 51.8700 51.2300 48.4000 13.2500
180 7.9500 8.1300 6.5900 3.5700 3.8100 31.4600 31.9800 73.0900 40.8700 58.0000 88.8100 47.0500 67.5600 53.2300 51.8700 51.2300 48.4000 13.2500
181 7.9500 8.1300 6.5900 3.5700 3.8100 31.4600 31.9800 73.0900 40.8700 58.0000 88.8100 47.0500 67.5600 53.2300 51.8700 51.2300 48.4000 13.2500
182 7.9500 8.1300 6.5900 3.5700 3.8100 31.4600 31.9800 73.0900 40.8700 58.0000 88.8100 47.0500 67.5600 53.2300 51.8700 51.2300 48.4000 13.2500
183 7.9500 8.1300 6.5900 3.5700 3.8100 31.4600 31.9800 73.0900 40.8700 48.4000 88.8100 47.0500 67.5600 53.2300 51.8700 51.2300 48.4000 13.2500
184 7.9500 8.1300 6.5900 3.5700 3.8100 31.4600 31.9800 73.0900 40.8700 48.4000 88.8100 47.0500 67.5600 53.2300 51.8700 51.2300 48.4000 13.2500
185 7.9500 8.1300 6.5900 3.5700 3.8100 31.4600 31.9800 73.0900 40.8700 48.4000 88.8100 47.0500 67.5600 53.2300 51.8700 51.2300 48.4000 13.2500
187 7.9500 8.1300 6.5900 3.5700 3.8100 31.4600 31.9800 73.0900 40.8700 48.4000 88.8100 47.0500 67.5600 53.2300 51.8700 51.2300 48.4000 13.2500
188 7.9500 8.1300 6.5900 3.5700 3.8100 31.4600 31.9800 73.0900 40.8700 48.4000 88.8100 47.0500 67.5600 53.2300 51.8700 51.2300 48.4000 13.2500
190 7.9500 8.1300 6.5900 3.5700 3.8100 31.4600 31.9800 73.0900 40.8700 48.4000 88.8100 47.0500 67.5600 53.2300 51.8700 51.2300 48.4000 13.2500
191 7.9500 8.1300 6.5900 3.5700 3.8100 31.4600 31.9800 73.0900 40.8700 48.4000 88.8100 47.0500 67.5600 53.2300 51.8700 51.2300 48.4000 13.2500
192 7.9500 8.1300 6.5900 3.5700 3.8100 31.4600 27.5800 73.0900 40.8700 48.4000 88.8100 47.0500 67.5600 53.2300 51.8700 51.2300 48.4000 13.2500
193 7.9500 8.1300 6.5900 3.5700 3.8100 31.4600 27.5800 73.0900 40.8700 48.4000 88.8100 47.0500 67.5600 53.2300 51.8700 51.2300 48.4000 13.2500
194 7.9500 8.1300 6.5900 3.5700 3.8100 31.4600 27.5800 73.0900 40.8700 48.4000 88.8100 47.0500 67.5600 53.2300 51.8700 51.2300 48.4000 13.2500
195 7.9500 8.1300 6.5900 3.5700 3.8100 31.4600 27.5800 73.0900 40.8700 48.4000 88.8100 47.0500 67.5600 53.2300 51.8700 51.2300 48.4000 13.2500
196 7.9500 8.1300 6.5900 3.5700 3.8100 31.4600 27.5800 73.0900 40.8700 48.4000 88.8100 47.0500 67.5600 53.2300 51.8700 51.2300 48.4000 13.2500
198 7.9500 8.1300 6.5900 3.5700 3.8100 31.4600 27.5800 73.0900 40.8700 48.4000 88.8100 47.0500 67.5600 53.2300 51.8700 51.2300 48.4000 13.2500
199 7.9500 8.1300 6.5900 3.5700 3.8100 31.4600 27.5800 73.0900 37.7600 48.4000 88.8100 47.0500 67.5600 53.2300 51.8700 51.2300 48.4000 13.2500
200 7.9500 8.1300 6.5900 3.5700 3.8100 31.4600 27.5800 73.0900 37.7600 48.4000 88.8100 47.0500 67.5600 53.2300 51.8700 51.2300 48.4000 13.2500
201 7.9500 8.1300 6.5900 3.5700 3.8100 25.9900 27.5800 73.0900 37.7600 48.4000 88.8100 47.0500 67.5600 53.2300 51.8700 51.2300 48.4000 13.2500
202 7.9500 8.1300 6.5900 3.5700 3.8100 25.9900 27.5800 73.0900 37.7600 48.4000 88.8100 47.0500 67.5600 53.2300 51.8700 51.2300 48.4000 13.2500
203 7.9500 8.1300 6.5900 3.5700 3.8100 25.9900 27.5800 73.0900 37.7600 48.4000 88.8100 47.0500 67.5600 53.2300 51.8700 51.2300 48.4000 13.2500
205 7.9500 8.1300 6.5900 3.5700 3.8100 25.9900 27.5800 73.0900 37.7600 48.4000 88.8100 47.0500 67.5600 53.2300 51.8700 51.2300 48.4000 13.2500
206 7.9500 8.1300 6.5900 3.5700 3.8100 25.9900 27.5800 73.0900 37.7600 48.4000 88.8100 47.0500 67.5600 53.2300 51.8700 51.2300 48.4000 13.2500
208 7.9500 8.1300 6.5900 3.5700 3.8100 25.9900 27.5800 73.0900 37.7600 48.4000 88.8100 47.0500 67.5600 53.2300 51.8700 51.2300 48.4000 13.2500
209 7.9500 8.1300 6.5900 3.5700 3.8100 25.9900 27.5800 73.0900 37.7600 48.4000 88.8100 47.0500 67.5600 53.2300 51.8700 51.2300 48.4000 13.2500
211 7.9500 8.1300 6.5900 3.5700 3.8100 25.9900 27.5800 73.0900 37.7600 48.4000 88.8100 47.0500 67.5600 53.2300 51.8700 51.2300 48.4000 13.2500
212 7.9500 8.1300 6.5900 3.5700 3.8100 25.9900 27.5800 73.0900 37.7600 48.4000 88.8100 47.0500 67.5600 53.2300 51.8700 51.2300 48.4000 13.2500
213 7.9500 8.1300 6.5900 3.5700 3.8100 25.9900 27.5800 73.0900 37.7600 48.4000 88.8100 47.0500 67.5600 53.2300 51.8700 51.2300 48.4000 13.2500
214 7.9500 8.1300 6.5900 3.5700 3.8100 25.9900 27.5800 68.3600 37.7600 48.4000 88.8100 47.0500 67.5600 53.2300 51.8700 51.2300 48.4000 13.2500
215 7.9500 8.1300 6.5900 3.5700 3.8100 25.9900 27.5800 68.3600 37.7600 48.4000 88.8100 47.0500 67.5600 53.2300 51.8700 51.2300 48.4000 13.2500
216 7.9500 8.1300 6.5900 3.5700 3.8100 25.9900 27.5800 68.3600 37.7600 48.4000 88.8100 47.0500 67.5600 53.2300 46.8600 51.2300 48.4000 13.2500
217 7.9500 8.1300 6.5900 3.5700 3.8100 25.9900 27.5800 68.3600 37.7600 48.4000 88.8100 47.0500 67.5600 53.2300 46.8600 51.2300 48.4000 13.2500
218 7.9500 8.1300 6.5900 3.5700 3.8100 25.9900 27.5800 68.3600 37.7600 48.4000 88.8100 47.0500 67.5600 53.2300 46.8600 51.2300 48.4000 13.2500
219 7.9500 8.1300 6.5900 3.5700 3.8100 25.9900 27.5800 68.3600 37.7600 48.4000 88.8100 47.0500 67.5600 49.1700 46.8600 51.2300 48.4000 13.2500
220 7.9500 8.1300 6.5900 3.5700 3.8100 25.9900 27.5800 68.3600 37.7600 48.4000 88.8100 47.0500 67.5600 49.1700 46.8600 51.2300 37.9500 13.2500
221 7.9500 8.1300 6.5900 3.5700 3.8100 25.9900 27.5800 68.3600 37.7600 48.4000 88.8100 47.0500 67.5600 49.1700 46.8600 51.2300 37.9500 13.2500
222 7.9500 8.1300 6.5900 3.5700 3.8100 25.9900 27.5800 68.3600 37.7600 48.4000 88.8100 47.0500 67.5600 49.1700 46.8600 51.2300 37.9500 13.2500
224 7.9500 8.1300 6.5900 3.5700 3.8100 25.9900 27.5800 68.3600 37.7600 48.4000 88.8100 47.0500 67.5600 49.1700 46.8600 51.2300 37.9500 13.2500
225 7.9500 8.1300 6.5900 3.5700 3.8100 25.9900 27.5800 68.3600 37.7600 48.4000 88.8100 47.0500 67.5600 49.1700 46.8600 51.2300 37.9500 13.2500
228 7.9500 8.1300 6.5900 3.5700 3.8100 25.9900 27.5800 68.3600 37.7600 48.4000 88.8100 47.0500 67.5600 49.1700 46.8600 51.2300 37.9500 13.2500
229 7.9500 8.1300 6.5900 3.5700 3.8100 25.9900 27.5800 68.3600 37.7600 48.4000 88.8100 47.0500 67.5600 49.1700 46.8600 51.2300 37.9500 13.2500
232 7.9500 8.1300 6.5900 3.5700 3.8100 25.9900 27.5800 68.3600 37.7600 48.4000 88.8100 47.0500 67.5600 49.1700 46.8600 51.2300 37.9500 13.2500
233 7.9500 8.1300 6.5900 3.5700 3.8100 25.9900 27.5800 68.3600 37.7600 48.4000 88.8100 47.0500 67.5600 49.1700 46.8600 51.2300 37.9500 13.2500
234 7.9500 8.1300 6.5900 3.5700 3.8100 25.9900 27.5800 68.3600 37.7600 48.4000 88.8100 47.0500 67.5600 49.1700 46.8600 51.2300 37.9500 13.2500
235 7.9500 8.1300 6.5900 3.5700 3.8100 25.9900 27.5800 68.3600 37.7600 48.4000 88.8100 47.0500 67.5600 49.1700 46.8600 51.2300 37.9500 13.2500
236 7.9500 8.1300 6.5900 3.5700 3.8100 25.9900 27.5800 68.3600 37.7600 48.4000 88.8100 47.0500 67.5600 49.1700 46.8600 51.2300 37.9500 13.2500
237 7.9500 8.1300 6.5900 3.5700 3.8100 25.9900 27.5800 68.3600 37.7600 48.4000 88.8100 47.0500 67.5600 49.1700 46.8600 51.2300 37.9500 13.2500
238 7.9500 8.1300 6.5900 3.5700 3.8100 25.9900 27.5800 68.3600 37.7600 48.4000 88.8100 47.0500 67.5600 49.1700 46.8600 51.2300 37.9500 13.2500
241 7.9500 8.1300 6.5900 3.5700 3.8100 25.9900 27.5800 68.3600 37.7600 48.4000 88.8100 47.0500 67.5600 49.1700 46.8600 51.2300 37.9500 13.2500
245 7.9500 8.1300 6.5900 3.5700 3.8100 25.9900 27.5800 68.3600 34.9700 48.4000 88.8100 47.0500 67.5600 49.1700 46.8600 51.2300 37.9500 13.2500
246 7.9500 8.1300 6.5900 3.5700 3.8100 25.9900 27.5800 68.3600 34.9700 48.4000 88.8100 47.0500 67.5600 49.1700 46.8600 51.2300 37.9500 13.2500
248 7.9500 8.1300 6.5900 3.5700 3.8100 25.9900 27.5800 68.3600 34.9700 48.4000 88.8100 47.0500 67.5600 49.1700 46.8600 51.2300 37.9500 13.2500
249 7.9500 8.1300 6.5900 3.5700 3.8100 23.2900 27.5800 68.3600 34.9700 48.4000 88.8100 47.0500 67.5600 49.1700 46.8600 51.2300 37.9500 13.2500
250 7.9500 8.1300 6.5900 3.5700 3.8100 23.2900 27.5800 68.3600 34.9700 48.4000 88.8100 47.0500 67.5600 49.1700 46.8600 51.2300 37.9500 13.2500
251 7.9500 8.1300 6.5900 3.5700 3.8100 23.2900 27.5800 68.3600 34.9700 48.4000 88.8100 47.0500 67.5600 49.1700 46.8600 51.2300 37.9500 13.2500
252 7.9500 8.1300 6.5900 3.5700 3.8100 23.2900 27.5800 68.3600 34.9700 48.4000 88.8100 47.0500 67.5600 49.1700 46.8600 51.2300 37.9500 13.2500
253 7.9500 8.1300 6.5900 3.5700 3.8100 23.2900 27.5800 68.3600 34.9700 48.4000 88.8100 47.0500 67.5600 49.1700 46.8600 51.2300 37.9500 13.2500
257 7.9500 8.1300 6.5900 3.5700 3.8100 23.2900 24.8500 68.3600 34.9700 48.4000 88.8100 47.0500 67.5600 49.1700 46.8600 51.2300 37.9500 13.2500
258 7.9500 8.1300 6.5900 3.5700 3.8100 23.2900 24.8500 68.3600 34.9700 48.4000 88.8100 47.0500 67.5600 49.1700 46.8600 51.2300 37.9500 13.2500
259 7.9500 8.1300 6.5900 3.5700 3.8100 23.2900 24.8500 68.3600 34.9700 48.4000 88.8100 47.0500 67.5600 49.1700 46.8600 51.2300 37.9500 13.2500
263 7.9500 8.1300 6.5900 3.5700 3.8100 23.2900 24.8500 68.3600 34.9700 48.4000 88.8100 47.0500 67.5600 49.1700 46.8600 51.2300 37.9500 13.2500
264 7.9500 8.1300 6.5900 3.5700 3.8100 23.2900 24.8500 68.3600 34.9700 48.4000 88.8100 47.0500 67.5600 49.1700 46.8600 51.2300 37.9500 13.2500
265 7.9500 8.1300 6.5900 3.5700 3.8100 23.2900 24.8500 68.3600 34.9700 48.4000 88.8100 47.0500 67.5600 49.1700 46.8600 51.2300 37.9500 13.2500
266 7.9500 8.1300 6.5900 3.5700 3.8100 23.2900 24.8500 68.3600 34.9700 48.4000 88.8100 47.0500 67.5600 49.1700 46.8600 51.2300 37.9500 13.2500
267 7.9500 8.1300 6.5900 3.5700 3.8100 23.2900 24.8500 68.3600 34.9700 40.9500 88.8100 47.0500 67.5600 49.1700 46.8600 51.2300 37.9500 13.2500
268 7.9500 8.1300 6.5900 3.5700 3.8100 23.2900 24.8500 64.4400 34.9700 40.9500 88.8100 47.0500 67.5600 49.1700 46.8600 51.2300 37.9500 13.2500
269 7.9500 8.1300 6.5900 3.5700 3.8100 23.2900 24.8500 64.4400 34.9700 40.9500 88.8100 47.0500 67.5600 49.1700 46.8600 51.2300 37.9500 12.9000
270 7.9500 8.1300 6.5900 3.5700 3.8100 23.2900 24.8500 64.4400 34.9700 40.9500 88.8100 47.0500 67.5600 49.1700 46.8600 51.2300 37.9500 12.9000
271 7.9500 8.1300 6.5900 3.5700 3.8100 23.2900 24.8500 64.4400 34.9700 40.9500 88.8100 47.0500 67.5600 49.1700 46.8600 51.2300 37.9500 12.9000
272 7.9500 8.1300 6.5900 3.5700 3.8100 23.2900 24.8500 64.4400 34.9700 40.9500 88.8100 47.0500 67.5600 49.1700 46.8600 51.2300 37.9500 12.9000
273 7.9500 8.1300 6.5900 3.5700 3.8100 23.2900 24.8500 64.4400 34.9700 40.9500 88.8100 47.0500 67.5600 49.1700 46.8600 51.2300 37.9500 12.9000
274 7.9500 8.1300 6.5900 3.5700 3.8100 23.2900 24.8500 64.4400 34.9700 40.9500 88.8100 47.0500 67.5600 49.1700 46.8600 51.2300 37.9500 12.9000
276 7.9500 8.1300 6.5900 3.5700 3.8100 23.2900 24.8500 64.4400 34.9700 40.9500 88.8100 47.0500 67.5600 49.1700 46.8600 51.2300 37.9500 12.9000
277 7.9500 8.1300 6.5900 3.5700 3.8100 23.2900 24.8500 64.4400 34.9700 40.9500 88.8100 47.0500 67.5600 49.1700 46.8600 51.2300 37.9500 12.9000
279 7.9500 8.1300 6.5900 3.5700 3.8100 23.2900 24.8500 64.4400 34.9700 40.9500 88.8100 47.0500 67.5600 49.1700 46.8600 51.2300 37.9500 12.9000
280 7.9500 8.1300 6.5900 3.5700 3.8100 23.2900 24.8500 64.4400 34.9700 40.9500 88.8100 47.0500 67.5600 49.1700 46.8600 51.2300 37.9500 12.9000
281 7.9500 8.1300 6.5900 3.5700 3.8100 23.2900 24.8500 64.4400 34.9700 40.9500 88.8100 47.0500 67.5600 49.1700 46.8600 51.2300 37.9500 12.9000
282 7.9500 8.1300 6.5900 3.5700 3.8100 23.2900 24.8500 64.4400 34.9700 40.9500 88.8100 47.0500 67.5600 49.1700 46.8600 51.2300 37.9500 12.9000
284 7.9500 8.1300 6.5900 3.5700 3.8100 23.2900 24.8500 64.4400 34.9700 40.9500 88.8100 47.0500 67.5600 49.1700 46.8600 51.2300 37.9500 12.9000
287 7.9500 8.1300 6.5900 3.5700 3.8100 23.2900 24.8500 64.4400 34.9700 40.9500 88.8100 47.0500 67.5600 49.1700 46.8600 51.2300 37.9500 12.9000
288 7.9500 8.1300 6.5900 3.5700 3.8100 23.2900 24.8500 64.4400 34.9700 40.9500 88.8100 47.0500 67.5600 49.1700 46.8600 51.2300 37.9500 11.8500
290 7.9500 8.1300 6.5900 3.5700 3.8100 23.2900 24.8500 64.4400 34.9700 40.9500 88.8100 47.0500 67.5600 49.1700 46.8600 51.2300 37.9500 11.8500
291 7.9500 8.1300 6.5900 3.5700 3.8100 23.2900 24.8500 64.4400 34.9700 40.9500 88.8100 47.0500 67.5600 49.1700 46.8600 51.2300 37.9500 11.8500
292 7.9500 8.1300 6.5900 3.5700 3.8100 23.2900 24.8500 64.4400 34.9700 40.9500 88.8100 47.0500 67.5600 49.1700 46.8600 51.2300 37.9500 11.8500
293 7.9500 8.1300 6.5900 3.5700 3.8100 23.2900 24.8500 64.4400 34.9700 40.9500 88.8100 47.0500 67.5600 49.1700 46.8600 51.2300 37.9500 11.8500
295 7.9500 8.1300 6.5900 3.5700 3.8100 23.2900 24.8500 64.4400 34.9700 40.9500 88.8100 47.0500 67.5600 49.1700 46.8600 51.2300 37.9500 11.8500
296 7.9500 8.1300 6.5900 3.5700 3.8100 23.2900 24.8500 64.4400 34.9700 40.9500 88.8100 47.0500 67.5600 49.1700 46.8600 51.2300 37.9500 11.8500
297 7.9500 8.1300 6.5900 3.5700 3.8100 23.2900 24.8500 64.4400 34.9700 40.9500 88.8100 47.0500 67.5600 49.1700 46.8600 37.5900 37.9500 11.8500
299 7.9500 8.1300 6.5900 3.5700 3.8100 23.2900 24.8500 64.4400 34.9700 40.9500 88.8100 47.0500 67.5600 49.1700 46.8600 37.5900 37.9500 11.8500
300 7.9500 8.1300 6.5900 3.5700 3.8100 23.2900 24.8500 64.4400 34.9700 40.9500 88.8100 47.0500 67.5600 49.1700 46.8600 37.5900 37.9500 11.8500
301 7.9500 8.1300 6.5900 3.5700 3.8100 23.2900 24.8500 64.4400 34.9700 40.9500 88.8100 47.0500 67.5600 49.1700 46.8600 37.5900 37.9500 11.8500
308 7.9500 8.1300 6.5900 3.5700 3.8100 23.2900 24.8500 64.4400 31.8200 40.9500 88.8100 47.0500 67.5600 49.1700 46.8600 37.5900 37.9500 11.8500
309 7.9500 8.1300 6.5900 3.5700 3.8100 23.2900 24.8500 64.4400 31.8200 40.9500 88.8100 47.0500 67.5600 49.1700 46.8600 37.5900 37.9500 11.8500
310 7.9500 8.1300 6.5900 3.5700 3.8100 23.2900 24.8500 64.4400 31.8200 40.9500 88.8100 47.0500 67.5600 49.1700 46.8600 37.5900 37.9500 11.8500
313 7.9500 8.1300 6.5900 3.5700 3.8100 23.2900 24.8500 64.4400 31.8200 40.9500 88.8100 47.0500 67.5600 49.1700 46.8600 37.5900 25.9300 11.8500
314 7.9500 8.1300 6.5900 3.5700 3.8100 23.2900 24.8500 64.4400 31.8200 40.9500 88.8100 47.0500 67.5600 49.1700 46.8600 37.5900 25.9300 11.8500
315 7.9500 8.1300 6.5900 3.5700 3.8100 23.2900 24.8500 64.4400 31.8200 40.9500 88.8100 47.0500 67.5600 49.1700 46.8600 37.5900 25.9300 11.8500
316 7.9500 8.1300 6.5900 3.5700 3.8100 21.4200 24.8500 64.4400 31.8200 40.9500 88.8100 47.0500 67.5600 49.1700 46.8600 37.5900 25.9300 11.8500
317 7.9500 8.1300 6.5900 3.5700 3.8100 21.4200 24.8500 64.4400 31.8200 40.9500 88.8100 47.0500 67.5600 49.1700 46.8600 37.5900 25.9300 11.8500
319 7.9500 8.1300 6.5900 3.5700 3.8100 21.4200 24.8500 64.4400 31.8200 40.9500 88.8100 47.0500 67.5600 38.9300 46.8600 37.5900 25.9300 11.8500
321 7.9500 8.1300 6.5900 3.5700 3.8100 21.4200 23.2200 64.4400 31.8200 40.9500 88.8100 47.0500 67.5600 38.9300 46.8600 37.5900 25.9300 11.8500
322 7.9500 8.1300 6.5900 3.5700 3.8100 21.4200 23.2200 64.4400 31.8200 40.9500 88.8100 47.0500 67.5600 38.9300 46.8600 37.5900 25.9300 11.8500
325 7.9500 8.1300 6.5900 3.5700 3.8100 21.4200 23.2200 64.4400 31.8200 40.9500 88.8100 47.0500 67.5600 38.9300 46.8600 37.5900 25.9300 11.8500
326 7.9500 8.1300 6.5900 3.5700 3.8100 21.4200 23.2200 64.4400 31.8200 40.9500 88.8100 47.0500 67.5600 38.9300 46.8600 37.5900 25.9300 11.8500
327 7.9500 8.1300 6.5900 3.5700 3.8100 21.4200 23.2200 64.4400 31.8200 40.9500 88.8100 47.0500 67.5600 38.9300 46.8600 37.5900 25.9300 11.8500
328 7.9500 8.1300 6.5900 3.5700 3.8100 21.4200 23.2200 64.4400 31.8200 40.9500 88.8100 47.0500 67.5600 38.9300 46.8600 37.5900 25.9300 11.8500
329 7.9500 8.1300 6.5900 3.5700 3.8100 21.4200 23.2200 64.4400 31.8200 40.9500 88.8100 47.0500 67.5600 38.9300 46.8600 37.5900 25.9300 11.8500
330 7.9500 8.1300 6.5900 3.5700 3.8100 21.4200 23.2200 64.4400 31.8200 40.9500 88.8100 47.0500 67.5600 38.9300 46.8600 37.5900 25.9300 11.8500
331 7.9500 8.1300 6.5900 3.5700 3.8100 21.4200 23.2200 64.4400 31.8200 40.9500 88.8100 47.0500 67.5600 38.9300 46.8600 37.5900 25.9300 11.8500
332 7.9500 8.1300 6.5900 3.5700 3.8100 21.4200 23.2200 64.4400 31.8200 40.9500 88.8100 47.0500 67.5600 38.9300 46.8600 37.5900 25.9300 11.8500
333 7.9500 8.1300 6.5900 3.5700 3.8100 21.4200 23.2200 64.4400 31.8200 40.9500 88.8100 47.0500 67.5600 38.9300 46.8600 37.5900 25.9300 11.8500
334 7.9500 8.1300 6.5900 3.5700 3.8100 21.4200 23.2200 64.4400 31.8200 40.9500 88.8100 47.0500 67.5600 38.9300 46.8600 37.5900 25.9300 11.8500
335 7.9500 8.1300 6.5900 3.5700 3.8100 21.4200 23.2200 64.4400 31.8200 40.9500 88.8100 47.0500 67.5600 38.9300 46.8600 37.5900 25.9300 11.8500
338 7.9500 8.1300 6.5900 3.5700 3.8100 21.4200 23.2200 64.4400 31.8200 40.9500 88.8100 47.0500 67.5600 38.9300 46.8600 37.5900 25.9300 11.8500
339 7.9500 8.1300 6.5900 3.5700 3.8100 21.4200 23.2200 64.4400 31.8200 40.9500 88.8100 47.0500 67.5600 38.9300 46.8600 37.5900 25.9300 11.8500
341 7.9500 8.1300 6.5900 3.5700 3.8100 21.4200 23.2200 64.4400 31.8200 40.9500 88.8100 47.0500 67.5600 38.9300 46.8600 37.5900 25.9300 11.8500
342 7.9500 8.1300 6.5900 3.5700 3.8100 21.4200 23.2200 64.4400 31.8200 40.9500 88.8100 47.0500 67.5600 38.9300 46.8600 37.5900 25.9300 11.8500
343 7.9500 8.1300 6.5900 3.5700 3.8100 21.4200 23.2200 64.4400 31.8200 40.9500 88.8100 47.0500 67.5600 38.9300 46.8600 37.5900 25.9300 11.8500
347 7.9500 8.1300 6.5900 3.5700 3.8100 21.4200 23.2200 64.4400 31.8200 40.9500 88.7100 47.0500 67.5600 38.9300 46.8600 37.5900 25.9300 11.8500
351 7.9500 8.1300 6.5900 3.5700 3.8100 21.4200 23.2200 64.4400 31.8200 40.9500 88.7100 47.0500 67.5600 38.9300 46.8600 37.5900 25.9300 11.8500
353 7.9500 8.1300 6.5900 3.5700 3.8100 21.4200 23.2200 64.4400 31.8200 40.9500 88.7100 47.0500 67.5600 38.9300 46.8600 37.5900 25.9300 9.6300
354 7.9500 8.1300 6.5900 3.5700 3.8100 21.4200 23.2200 64.4400 22.7200 40.9500 88.7100 47.0500 67.5600 38.9300 46.8600 37.5900 25.9300 9.6300
356 7.9500 8.1300 6.5900 3.5700 3.8100 21.4200 23.2200 64.4400 22.7200 40.9500 88.7100 47.0500 67.5600 38.9300 46.8600 37.5900 25.9300 9.6300
359 7.9500 8.1300 6.5900 3.5700 3.8100 21.4200 23.2200 64.4400 22.7200 40.9500 88.7100 47.0500 67.5600 38.9300 46.8600 37.5900 25.9300 9.6300
362 7.9500 8.1300 6.5900 3.5700 3.8100 21.4200 23.2200 64.4400 22.7200 40.9500 88.7100 47.0500 67.5600 38.9300 46.8600 37.5900 25.9300 9.6300
363 7.9500 8.1300 6.5900 3.5700 3.8100 21.4200 23.2200 64.4400 22.7200 40.9500 88.7100 47.0500 67.5600 38.9300 36.8200 37.5900 25.9300 9.6300
366 7.9500 8.1300 6.5900 3.5700 3.8100 21.4200 23.2200 64.4400 22.7200 40.9500 88.7100 47.0500 67.5600 38.9300 36.8200 37.5900 25.9300 9.6300
369 7.9500 8.1300 6.5900 3.5700 3.8100 21.4200 23.2200 64.4400 22.7200 40.9500 88.7100 47.0500 67.5600 38.9300 36.8200 37.5900 25.9300 9.6300
370 7.9500 8.1300 6.5900 3.5700 3.8100 21.4200 23.2200 64.4400 22.7200 40.9500 88.7100 47.0500 67.5600 38.9300 36.8200 37.5900 25.9300 9.6300
371 7.9500 8.1300 6.5900 3.5700 3.8100 21.4200 23.2200 64.4400 22.7200 40.9500 88.7100 47.0500 67.5600 38.9300 36.8200 37.5900 25.9300 9.6300
372 7.9500 8.1300 6.5900 3.5700 3.8100 21.4200 23.2200 64.4400 22.7200 40.9500 88.7100 47.0500 67.5600 38.9300 36.8200 37.5900 25.9300 9.6300
376 7.9500 8.1300 6.5900 3.5700 3.8100 21.4200 23.2200 64.4400 22.7200 40.9500 88.6100 47.0500 67.5600 38.9300 36.8200 37.5900 25.9300 9.6300
377 7.9500 8.1300 6.5900 3.5700 3.8100 21.4200 23.2200 64.4400 22.7200 40.9500 88.6100 47.0500 67.5600 38.9300 36.8200 37.5900 25.9300 9.6300
383 7.9500 8.1300 6.5900 3.5700 3.8100 21.4200 23.2200 60.0800 22.7200 40.9500 88.6100 47.0500 67.5600 38.9300 36.8200 37.5900 25.9300 9.6300
386 7.9500 8.1300 6.5900 3.5700 3.8100 21.4200 23.2200 60.0800 22.7200 40.9500 88.6100 47.0500 67.5600 38.9300 36.8200 37.5900 25.9300 9.6300
388 7.9500 8.1300 6.5900 3.5700 3.8100 21.4200 23.2200 60.0800 22.7200 40.9500 88.6100 47.0500 67.5600 35.4800 36.8200 37.5900 25.9300 9.6300
389 7.9500 8.1300 6.5900 3.5700 3.8100 21.4200 23.2200 60.0800 22.7200 40.9500 88.6100 47.0500 67.5600 35.4800 36.8200 37.5900 25.9300 9.6300
390 7.9500 8.1300 6.5900 3.5700 3.8100 21.4200 23.2200 60.0800 22.7200 40.9500 88.6100 47.0500 67.5600 35.4800 36.8200 37.5900 25.9300 9.6300
391 7.9500 8.1300 6.5900 3.5700 3.8100 21.4200 23.2200 60.0800 22.7200 40.9500 88.6100 47.0500 67.5600 35.4800 36.8200 37.5900 22.4200 9.6300
392 7.9500 8.1300 6.5900 3.5700 3.8100 21.4200 23.2200 60.0800 22.7200 40.9500 88.6100 47.0500 67.5600 35.4800 36.8200 37.5900 22.4200 9.6300
393 7.9500 8.1300 6.5900 3.5700 3.8100 21.4200 23.2200 60.0800 22.7200 40.9500 88.6100 47.0500 67.5600 35.4800 36.8200 37.5900 22.4200 9.6300
394 7.9500 8.1300 6.5900 3.5700 3.8100 21.4200 23.2200 60.0800 22.7200 40.9500 88.6100 47.0500 67.5600 35.4800 36.8200 37.5900 22.4200 9.6300
397 7.9500 8.1300 6.5900 3.5700 3.8100 21.4200 23.2200 60.0800 22.7200 40.9500 88.6100 47.0500 67.5600 35.4800 36.8200 37.5900 22.4200 9.6300
398 7.9500 8.1300 6.5900 3.5700 3.8100 21.4200 23.2200 60.0800 22.7200 40.9500 88.6100 47.0500 67.5600 35.4800 36.8200 37.5900 22.4200 9.6300
399 7.9500 8.1300 6.5900 3.5700 3.8100 21.4200 23.2200 60.0800 22.7200 40.9500 88.5000 47.0500 67.5600 35.4800 36.8200 37.5900 22.4200 9.6300
400 7.9500 8.1300 6.5900 3.5700 3.8100 21.4200 23.2200 59.6800 22.7200 40.9500 88.5000 47.0500 67.5600 35.4800 36.8200 37.5900 22.4200 9.6300
401 7.9500 8.1300 6.5900 3.5700 3.8100 21.4200 23.2200 59.6800 22.7200 34.5700 88.5000 47.0500 67.5600 35.4800 36.8200 37.5900 22.4200 9.6300
402 7.9500 8.1300 6.5900 3.5700 3.8100 21.4200 23.2200 59.6800 22.7200 34.5700 88.5000 47.0500 67.5600 35.4800 36.8200 37.5900 22.4200 9.6300
403 7.9500 8.1300 6.5900 3.5700 3.8100 21.4200 23.2200 59.6800 22.7200 34.5700 88.5000 47.0500 67.5600 35.4800 36.8200 37.5900 22.4200 9.6300
404 7.9500 8.1300 6.5900 3.5700 3.8100 21.4200 23.2200 59.6800 22.7200 34.5700 88.5000 47.0500 67.5600 35.4800 36.8200 37.5900 22.4200 9.6300
405 7.9500 8.1300 6.5900 3.5700 3.8100 21.4200 23.2200 59.6800 22.7200 34.5700 88.5000 47.0500 67.5600 35.4800 36.8200 37.5900 22.4200 9.6300
406 7.9500 8.1300 6.5900 3.5700 3.8100 21.4200 23.2200 59.6800 22.7200 34.5700 88.5000 47.0500 67.5600 35.4800 36.8200 37.5900 22.4200 9.6300
407 7.9500 8.1300 6.5900 3.5700 3.8100 21.4200 23.2200 59.6800 22.7200 34.5700 88.5000 47.0500 67.5600 35.4800 36.8200 37.5900 22.4200 9.6300
408 7.9500 8.1300 6.5900 3.5700 3.8100 21.4200 23.2200 59.6800 22.7200 34.5700 88.5000 47.0500 67.5600 35.4800 36.8200 37.5900 22.4200 9.6300
409 7.9500 8.1300 6.5900 3.5700 3.8100 21.4200 23.2200 59.6800 22.7200 34.5700 88.5000 47.0500 67.5600 35.4800 36.8200 37.5900 22.4200 9.6300
411 7.9500 8.1300 6.5900 3.5700 3.8100 21.4200 23.2200 59.6800 22.7200 34.5700 88.5000 47.0500 67.5600 35.4800 36.8200 37.5900 22.4200 9.6300
412 7.9500 8.1300 6.5900 3.5700 3.8100 21.4200 23.2200 59.6800 22.7200 34.5700 88.5000 47.0500 67.5600 35.4800 34.1400 24.3700 22.4200 9.6300
413 7.9500 8.1300 6.5900 3.5700 3.8100 21.4200 23.2200 59.6800 22.7200 34.5700 88.5000 47.0500 67.5600 35.4800 34.1400 24.3700 22.4200 9.6300
414 7.9500 8.1300 6.5900 3.5700 3.8100 21.4200 23.2200 59.6800 22.7200 34.5700 88.5000 47.0500 67.5600 35.4800 34.1400 24.3700 22.4200 9.6300
415 7.9500 8.1300 6.5900 3.5700 3.8100 21.4200 23.2200 59.6800 22.7200 34.5700 88.5000 47.0500 67.5600 35.4800 34.1400 24.3700 22.4200 9.6300
418 7.9500 8.1300 6.5900 3.5700 3.8100 21.4200 23.2200 59.6800 22.7200 34.5700 88.5000 47.0500 67.5600 35.4800 34.1400 24.3700 22.4200 9.6300
420 7.9500 8.1300 6.5900 3.5700 3.8100 21.4200 23.2200 59.2600 22.7200 34.5700 88.5000 47.0500 67.5600 35.4800 34.1400 24.3700 22.4200 9.6300
422 7.9500 8.1300 6.5900 3.5700 3.8100 21.4200 23.2200 59.2600 22.7200 34.5700 88.5000 47.0500 67.5600 35.4800 34.1400 24.3700 22.4200 9.6300
424 7.9500 8.1300 6.5900 3.5700 3.8100 21.4200 23.2200 59.2600 22.7200 34.5700 88.5000 47.0500 67.5600 35.4800 34.1400 24.3700 22.4200 9.6300
425 7.9500 8.1300 6.5900 3.5700 3.8100 21.4200 23.2200 59.2600 22.7200 34.5700 88.1900 47.0500 67.5600 35.4800 34.1400 24.3700 22.4200 9.6300
426 7.9500 8.1300 6.5900 3.5700 3.8100 21.4200 23.2200 59.2600 22.7200 34.5700 88.1900 47.0500 67.5600 35.4800 34.1400 24.3700 22.4200 9.6300
427 7.9500 8.1300 6.5900 3.5700 3.8100 21.4200 23.2200 59.2600 22.7200 34.5700 88.1900 47.0500 67.5600 35.4800 34.1400 24.3700 22.4200 9.6300
430 7.9500 8.1300 6.5900 3.5700 3.8100 21.4200 23.2200 59.2600 22.7200 34.5700 88.1900 47.0500 67.5600 35.4800 34.1400 24.3700 22.4200 9.6300
431 7.9500 8.1300 6.5900 3.5700 3.8100 21.4200 23.2200 59.2600 22.7200 34.5700 88.1900 47.0500 67.5600 35.4800 34.1400 24.3700 22.4200 9.6300
433 7.9500 8.1300 6.5900 3.5700 3.8100 21.4200 23.2200 59.2600 22.7200 34.5700 88.1900 47.0500 67.5600 35.4800 34.1400 24.3700 22.4200 9.6300
434 7.9500 8.1300 6.5900 3.5700 3.8100 21.4200 23.2200 59.2600 22.7200 34.5700 88.1900 47.0500 67.5600 35.4800 34.1400 24.3700 22.4200 9.6300
437 7.9500 8.1300 6.5900 3.5700 3.8100 21.4200 23.2200 59.2600 22.7200 34.5700 88.1900 47.0500 67.5600 35.4800 34.1400 24.3700 22.4200 9.6300
439 7.9500 8.1300 6.5900 3.5700 3.8100 21.4200 23.2200 59.2600 22.7200 34.5700 88.1900 47.0500 67.5600 35.4800 34.1400 24.3700 22.4200 9.6300
442 7.9500 8.1300 6.5900 3.5700 3.8100 21.4200 23.2200 59.2600 22.7200 34.5700 88.1900 47.0500 67.5600 35.4800 34.1400 24.3700 22.4200 9.6300
443 7.9500 8.1300 6.5900 3.5700 3.8100 21.4200 23.2200 59.2600 22.7200 34.5700 88.1900 47.0500 67.5600 35.4800 34.1400 24.3700 22.4200 9.6300
445 7.9500 8.1300 6.5900 3.5700 3.8100 21.4200 23.2200 59.2600 22.7200 34.5700 88.1900 47.0500 67.5600 35.4800 34.1400 24.3700 22.4200 9.6300
446 7.9500 8.1300 6.5900 3.5700 3.8100 21.4200 23.2200 59.2600 22.7200 34.5700 88.1900 47.0500 67.5600 35.4800 34.1400 24.3700 22.4200 9.6300
448 7.9500 8.1300 6.5900 3.5700 3.8100 21.4200 23.2200 58.9500 22.7200 34.5700 88.1900 47.0500 67.5600 35.4800 34.1400 24.3700 22.4200 9.6300
450 7.9500 8.1300 6.5900 3.5700 3.8100 21.4200 23.2200 58.9500 22.7200 34.5700 88.1900 47.0500 67.5600 35.4800 34.1400 24.3700 22.4200 9.6300
452 7.9500 8.1300 6.5900 3.5700 3.8100 21.4200 23.2200 58.9500 22.7200 34.5700 88.1900 47.0500 67.5600 35.4800 34.1400 24.3700 22.4200 9.6300
453 7.9500 8.1300 6.5900 3.5700 3.8100 21.4200 23.2200 58.9500 22.7200 34.5700 88.1900 47.0500 67.5600 35.4800 34.1400 24.3700 22.4200 9.6300
454 7.9500 8.1300 6.5900 3.5700 3.8100 21.4200 23.2200 58.9500 22.7200 34.5700 88.1900 47.0500 67.5600 35.4800 34.1400 24.3700 22.4200 9.6300
455 7.9500 8.1300 6.5900 3.5700 3.8100 21.4200 23.2200 58.9500 22.7200 34.5700 88.1900 47.0500 67.5600 35.4800 34.1400 24.3700 22.4200 9.6300
456 7.9500 8.1300 6.5900 3.5700 3.8100 21.4200 23.2200 58.9500 22.7200 34.5700 88.1900 47.0500 67.5600 35.4800 34.1400 24.3700 22.4200 9.6300
457 7.9500 8.1300 6.5900 3.5700 3.8100 21.4200 23.2200 58.9500 22.7200 34.5700 88.1900 47.0500 67.5600 35.4800 34.1400 24.3700 22.4200 9.6300
459 7.9500 8.1300 6.5900 3.5700 3.8100 21.4200 23.2200 58.9500 22.7200 34.5700 88.1900 47.0500 67.5600 35.4800 34.1400 24.3700 22.4200 9.6300
460 7.9500 8.1300 6.5900 3.5700 3.8100 21.4200 23.2200 58.9500 22.7200 34.5700 88.1900 47.0500 67.5600 35.4800 34.1400 24.3700 22.4200 9.6300
462 7.9500 8.1300 6.5900 3.5700 3.8100 21.4200 23.2200 58.9500 22.7200 34.5700 88.1900 47.0500 67.5600 35.4800 34.1400 24.3700 22.4200 9.6300
463 7.9500 8.1300 6.5900 3.5700 3.8100 21.4200 23.2200 58.9500 22.7200 34.5700 88.1900 47.0500 67.5600 31.9600 34.1400 24.3700 22.4200 9.6300
464 7.9500 8.1300 6.5900 3.5700 3.8100 21.4200 23.2200 58.9500 22.7200 34.5700 88.1900 47.0500 67.5600 31.9600 34.1400 24.3700 19.4100 9.6300
467 7.9500 8.1300 6.5900 3.5700 3.8100 21.4200 23.2200 58.9500 22.7200 34.5700 88.1900 47.0500 67.5600 31.9600 34.1400 24.3700 19.4100 9.6300
470 7.9500 8.1300 6.5900 3.5700 3.8100 21.4200 23.2200 58.9500 22.7200 34.5700 88.1900 47.0500 67.5600 31.9600 34.1400 24.3700 19.4100 9.6300
471 7.9500 8.1300 6.5900 3.5700 3.8100 21.4200 23.2200 58.7600 22.7200 34.5700 88.1900 47.0500 67.5600 31.9600 34.1400 24.3700 19.4100 9.6300
472 7.9500 8.1300 6.5900 3.5700 3.8100 21.4200 23.2200 58.7600 22.7200 34.5700 88.1900 47.0500 67.5600 31.9600 34.1400 24.3700 19.4100 9.6300
474 7.9500 8.1300 6.5900 3.5700 3.8100 21.4200 23.2200 58.7600 22.7200 34.5700 88.1900 47.0500 67.5600 31.9600 34.1400 24.3700 19.4100 9.6300
475 7.9500 8.1300 6.5900 3.5700 3.8100 21.4200 23.2200 58.7600 22.7200 34.5700 88.1900 47.0500 67.5600 31.9600 34.1400 24.3700 19.4100 9.6300
476 7.9500 8.1300 6.5900 3.5700 3.8100 21.4200 23.2200 58.7600 22.7200 34.5700 88.1900 47.0500 67.5600 31.9600 34.1400 24.3700 19.4100 9.6300
477 7.9500 8.1300 6.5900 3.5700 3.8100 21.4200 23.2200 58.7600 22.7200 34.5700 88.1900 47.0500 67.5600 31.9600 31.0000 24.3700 19.4100 9.6300
478 7.9500 8.1300 6.5900 3.5700 3.8100 21.4200 23.2200 58.7600 22.7200 34.5700 88.1900 47.0500 67.5600 31.9600 31.0000 24.3700 19.4100 9.6300
481 7.9500 8.1300 6.5900 3.5700 3.8100 21.4200 23.2200 58.7600 22.7200 34.5700 88.1900 47.0500 67.5600 31.9600 31.0000 24.3700 19.4100 9.6300
482 7.9500 8.1300 6.5900 3.5700 3.8100 21.4200 23.2200 58.7600 22.7200 34.5700 88.1900 47.0500 67.5600 31.9600 31.0000 24.3700 19.4100 9.6300
485 7.9500 8.1300 6.5900 3.5700 3.8100 21.4200 23.2200 58.7600 22.7200 34.5700 88.1900 47.0500 67.5600 31.9600 31.0000 24.3700 19.4100 9.6300
487 7.9500 8.1300 6.5900 3.5700 3.8100 21.4200 23.2200 58.7600 22.7200 34.5700 88.1900 47.0500 67.5600 31.9600 31.0000 24.3700 19.4100 9.6300
489 7.9500 8.1300 6.5900 3.5700 3.8100 21.4200 23.2200 58.7600 22.7200 34.5700 88.1900 47.0500 67.5600 31.9600 31.0000 24.3700 19.4100 9.6300
490 7.9500 8.1300 6.5900 3.5700 3.8100 21.4200 23.2200 58.7600 22.7200 34.5700 88.1900 47.0500 67.5600 31.9600 31.0000 24.3700 19.4100 9.6300
491 7.9500 8.1300 6.5900 3.5700 3.8100 21.4200 23.2200 58.7600 22.7200 34.5700 88.1900 47.0500 67.5600 31.9600 31.0000 20.1900 19.4100 9.6300
495 7.9500 8.1300 6.5900 3.5700 3.8100 21.4200 23.2200 58.7600 22.7200 34.5700 88.1900 47.0500 67.5600 31.9600 31.0000 20.1900 19.4100 9.6300
496 7.9500 8.1300 6.5900 3.5700 3.8100 21.4200 23.2200 58.7600 22.7200 34.5700 88.1900 47.0500 67.5600 31.9600 31.0000 20.1900 19.4100 9.6300
497 7.9500 8.1300 6.5900 3.5700 3.8100 21.4200 23.2200 58.7600 22.7200 34.5700 88.1900 47.0500 67.5600 31.9600 31.0000 20.1900 19.4100 9.6300
498 7.9500 8.1300 6.5900 3.5700 3.8100 21.4200 23.2200 58.7600 22.7200 34.5700 88.1900 47.0500 67.5600 31.9600 31.0000 20.1900 19.4100 9.6300
499 7.9500 8.1300 6.5900 3.5700 3.8100 21.4200 23.2200 58.7600 22.7200 34.5700 88.1900 47.0500 67.5600 31.9600 31.0000 20.1900 19.4100 9.6300
504 7.9500 8.1300 6.5900 3.5700 3.8100 21.4200 23.2200 58.7600 22.7200 34.5700 88.1900 47.0500 67.5600 31.9600 31.0000 20.1900 19.4100 9.6300
505 7.9500 8.1300 6.5900 3.5700 3.8100 21.4200 21.6100 58.7600 22.7200 34.5700 88.1900 47.0500 67.5600 31.9600 31.0000 20.1900 19.4100 9.6300
512 7.9500 8.1300 6.5900 3.5700 3.8100 21.4200 21.6100 58.7600 22.7200 34.5700 88.1900 47.0500 67.5600 31.9600 31.0000 20.1900 19.4100 9.6300
513 7.9500 8.1300 6.5900 3.5700 3.8100 21.4200 21.6100 58.7600 22.7200 34.5700 88.1900 47.0500 67.5600 31.9600 31.0000 20.1900 19.4100 9.6300
515 7.9500 8.1300 6.5900 3.5700 3.8100 21.4200 21.6100 58.6400 22.7200 34.5700 88.1900 47.0500 67.5600 31.9600 31.0000 20.1900 19.4100 9.6300
518 7.9500 8.1300 6.5900 3.5700 3.8100 21.4200 21.6100 58.6400 22.7200 34.5700 88.1900 47.0500 67.5600 31.9600 31.0000 20.1900 19.4100 9.6300
519 7.9500 8.1300 6.5900 3.5700 3.8100 21.4200 21.6100 58.6400 22.7200 34.5700 88.1900 47.0500 67.5600 31.9600 31.0000 20.1900 19.4100 9.6300
521 7.9500 8.1300 6.5900 3.5700 3.8100 21.4200 21.6100 58.6400 22.7200 34.5700 88.1900 47.0500 67.5600 31.9600 31.0000 20.1900 19.4100 9.6300
527 7.9500 8.1300 6.5900 3.5700 3.8100 21.4200 21.6100 58.6400 22.7200 34.5700 88.1900 47.0500 67.5600 31.9600 31.0000 20.1900 19.4100 9.6300
528 7.9500 8.1300 6.5900 3.5700 3.8100 21.4200 21.6100 58.6400 22.7200 34.5700 88.1900 47.0500 67.5600 31.9600 31.0000 20.1900 17.8200 9.6300
529 7.9500 8.1300 6.5900 3.5700 3.8100 21.4200 21.6100 58.6400 22.7200 34.5700 88.1900 47.0500 67.5600 31.9600 31.0000 20.1900 17.8200 9.6300
531 7.9500 8.1300 6.5900 3.5700 3.8100 21.4200 21.6100 58.6400 22.7200 34.5700 88.1900 47.0500 67.5600 31.9600 31.0000 20.1900 17.8200 9.6300
532 7.9500 8.1300 6.5900 3.5700 3.8100 21.4200 21.6100 58.6400 22.7200 34.5700 88.1900 47.0500 67.5600 31.9600 31.0000 20.1900 17.8200 9.6300
536 7.9500 8.1300 6.5900 3.5700 3.8100 21.4200 21.6100 58.6400 22.7200 29.4600 88.1900 47.0500 67.5600 31.9600 31.0000 20.1900 17.8200 9.6300
537 7.9500 8.1300 6.5900 3.5700 3.8100 21.4200 21.6100 58.6400 22.7200 29.4600 88.1900 47.0500 67.5600 30.1800 31.0000 20.1900 17.8200 9.6300
547 7.9500 8.1300 6.5900 3.5700 3.8100 21.4200 21.6100 58.6400 22.7200 29.4600 88.1900 47.0500 67.5600 30.1800 31.0000 20.1900 17.8200 9.6300
549 7.9500 8.1300 6.5900 3.5700 3.8100 21.4200 21.6100 58.6400 22.7200 29.4600 88.1900 47.0500 67.5600 30.1800 31.0000 20.1900 17.8200 9.6300
551 7.9500 8.1300 6.5900 3.5700 3.8100 21.4200 21.6100 58.6400 22.7200 29.4600 88.1900 47.0500 67.5600 30.1800 28.9500 20.1900 17.8200 9.6300
553 7.9500 8.1300 6.5900 3.5700 3.8100 21.4200 21.6100 58.6400 22.7200 29.4600 88.1900 47.0500 67.5600 30.1800 28.9500 20.1900 17.8200 9.6300
557 7.9500 8.1300 6.5900 3.5700 3.8100 21.4200 21.6100 58.6400 22.7200 29.4600 88.1900 47.0500 67.5600 30.1800 28.9500 20.1900 17.8200 9.6300
558 7.9500 8.1300 6.5900 3.5700 3.8100 21.4200 21.6100 58.6400 22.7200 29.4600 88.1900 47.0500 67.5600 30.1800 28.9500 16.2300 17.8200 9.6300
560 7.9500 8.1300 6.5900 3.5700 3.8100 21.4200 21.6100 58.6400 22.7200 29.4600 88.1900 47.0500 67.5600 30.1800 28.9500 16.2300 17.8200 9.6300
562 7.9500 8.1300 6.5900 3.5700 3.8100 21.4200 21.6100 58.6400 22.7200 29.4600 88.1900 47.0500 67.5600 30.1800 28.9500 16.2300 17.8200 9.6300
563 7.9500 8.1300 6.5900 3.5700 3.8100 21.4200 21.6100 58.6400 22.7200 29.4600 88.1900 47.0500 67.5600 30.1800 28.9500 16.2300 17.8200 9.6300
570 7.9500 8.1300 6.5900 3.5700 3.8100 21.4200 21.6100 58.6400 22.7200 29.4600 88.1900 47.0500 67.5600 30.1800 28.9500 16.2300 17.8200 9.6300
571 7.9500 8.1300 6.5900 3.5700 3.8100 19.4300 21.6100 58.6400 22.7200 29.4600 88.1900 47.0500 67.5600 30.1800 28.9500 16.2300 17.8200 9.6300
573 7.9500 8.1300 6.5900 3.5700 3.8100 19.4300 21.6100 58.6400 22.7200 29.4600 88.1900 47.0500 67.5600 30.1800 28.9500 16.2300 17.8200 9.6300
574 7.9500 8.1300 6.5900 3.5700 3.8100 19.4300 21.6100 58.6400 22.7200 29.4600 88.1900 47.0500 67.5600 30.1800 28.9500 16.2300 17.8200 9.6300
576 7.9500 8.1300 6.5900 3.5700 3.8100 19.4300 21.6100 58.6400 22.7200 29.4600 88.1900 47.0500 67.5600 30.1800 28.9500 16.2300 17.8200 9.6300
579 7.9500 8.1300 6.5900 3.5700 3.8100 19.4300 21.6100 58.6400 22.7200 29.4600 88.1900 47.0500 67.5600 30.1800 28.9500 16.2300 17.8200 9.6300
580 7.9500 8.1300 6.5900 3.5700 3.8100 19.4300 21.6100 58.6400 22.7200 29.4600 88.1900 47.0500 67.5600 30.1800 28.9500 16.2300 17.8200 9.6300
583 7.9500 8.1300 6.5900 3.5700 3.8100 19.4300 21.6100 58.6400 22.7200 29.4600 88.1900 47.0500 67.5600 30.1800 28.9500 16.2300 17.8200 9.6300
590 7.9500 8.1300 6.5900 3.5700 3.8100 19.4300 21.6100 58.6400 22.7200 29.4600 88.1900 47.0500 67.5600 30.1800 28.9500 16.2300 17.8200 9.6300
593 7.9500 8.1300 6.5900 3.5700 3.8100 19.4300 21.6100 58.6400 22.7200 29.4600 88.1900 47.0500 67.5600 30.1800 28.9500 16.2300 17.8200 9.6300
599 7.9500 8.1300 6.5900 3.5700 3.8100 19.4300 21.6100 58.6400 22.7200 29.4600 88.1900 47.0500 67.5600 30.1800 28.9500 16.2300 17.8200 9.6300
600 7.9500 8.1300 6.5900 3.5700 3.8100 19.4300 21.6100 58.6400 22.7200 29.4600 88.1900 47.0500 67.5600 30.1800 28.9500 16.2300 17.8200 9.6300
