30n20b8 18380 576 109706 2060326 0.55 0.51
acc-tight5 1339 3052 16134 20853 0.01 0.01
aflow40b 2728 1442 6783 24604 0.01 0.01
air04 8904 823 72965 2121648 1.24 1.13
app1-2 26871 53467 199175 13300 0.02 0.02
ash608gpia-3col 3651 24748 74244 34479 0.02 0.03
bab5 21600 4964 155520 246283 1.29 0.07
beasleyC3 2500 1750 5000 1250 0.00 0.00
biella1 7328 1203 71489 6110 0.01 0.01
bienst2 505 576 2184 35 0.00 0.00
binkar10_1 2298 1026 4496 170 0.00 0.00
bley_xl1 5831 175620 869391 21943 0.14 0.22
bnatt350 3150 4923 19061 10211 0.01 0.01
core2536-691 15293 2539 177739 15288 0.50 0.02
cov1075 120 637 14280 120 0.00 0.00
csched010 1758 351 6376 26657 0.01 0.01
danoint 521 664 3232 56 0.00 0.00
dfn-gwin-UUM 938 158 2632 0 0.00 0.00
eil33-2 4516 32 44243 9633849 38.27 5.71
eilB101 2818 100 24120 2043168 2.04 0.76
enlight13 338 169 962 169 0.00 0.00
enlight14 392 196 1120 196 0.00 0.00
ex9 10404 40962 517112 1891146 0.76 0.75
glass4 322 396 1815 1464 0.00 0.00
gmu-35-40 1205 424 4843 11471 0.00 0.00
iis-100-0-cov 100 3831 22986 100 0.00 0.00
iis-bupa-cov 345 4803 38392 341 0.00 0.01
iis-pima-cov 768 7201 71941 736 0.01 0.01
lectsched-4-obj 7901 14163 82428 7572 0.01 0.00
m100n500k4r1 500 100 2000 19535 0.00 0.00
macrophage 2260 3164 9492 2260 0.00 0.00
map18 164547 328818 549920 146 0.08 0.09
map20 164547 328818 549920 146 0.08 0.09
mcsched 1747 2107 8088 5652 0.00 0.00
mik-250-1-100-1 251 151 5351 100 0.00 0.00
mine-166-5 830 8429 19412 9249 0.01 0.01
mine-90-10 900 6270 15407 7150 0.01 0.01
msc98-ip 21143 15850 92918 24876 0.02 0.02
mspp16 29280 561657 27678735 1758840 7.65 2.74
mzzv11 10240 9499 134603 251179 0.18 0.18
n3div36 22120 4484 340740 66360 5.05 0.05
n3seq24 119856 6044 3232340 11396108 125.04 0.84
n4-3 3596 1236 14036 0 0.00 0.00
neos-1109824 1520 28979 89528 57114 0.03 0.03
neos-1337307 2840 5687 30799 10032 0.02 0.02
neos-1396125 1161 1494 5511 480 0.00 0.00
neos-1601936 4446 3131 72500 100464 0.03 0.03
neos-476283 11915 10015 3945693 55187 0.07 0.03
neos-686190 3660 3664 18085 216002 0.05 0.04
neos-849702 1737 1041 19308 51234 0.02 0.02
neos-916792 1474 1909 134442 717 0.00 0.00
neos-934278 23123 11495 125577 862418 0.27 0.27
neos13 1827 20852 253842 1815 0.02 0.01
neos18 3312 11402 24614 8618 0.01 0.01
net12 14115 14021 80384 4055 0.01 0.01
netdiversion 129180 119589 615282 633565 0.29 0.33
newdano 505 576 2184 56 0.00 0.00
noswot 128 182 735 75 0.00 0.00
ns1208400 2883 4289 81746 101268 0.04 0.03
ns1688347 2685 4191 66908 465108 0.62 0.39
ns1758913 17956 624166 1283444 1808999 0.69 0.82
ns1766074 100 182 666 0 0.00 0.00
ns1830653 1629 2932 100933 40176 0.02 0.02
opm2-z7-s2 2023 31798 79762 33813 0.09 0.11
pg5_34 2600 225 7700 100 0.00 0.00
pigeon-10 490 931 8150 430 0.00 0.00
pw-myciel4 1059 8164 17779 16744 0.01 0.01
qiu 840 1192 3432 48 0.00 0.00
rail507 63019 509 468878 63012 10.00 0.06
ran16x16 512 288 1024 256 0.00 0.00
reblock67 670 2523 7495 3173 0.00 0.00
rmatr100-p10 7359 7260 21877 100 0.00 0.00
rmatr100-p5 8784 8685 26152 100 0.00 0.00
rmine6 1096 7078 18084 8162 0.01 0.01
rocII-4-11 9234 21738 243106 953579 1.16 1.12
rococoC10-001000 3117 1293 11751 5132 0.00 0.00
roll3000 1166 2295 29386 628 0.00 0.00
satellites1-25 9013 5996 59023 84124 0.03 0.04
sp98ic 10894 825 316317 106998 1.62 0.06
sp98ir 1680 1531 71704 10116 0.01 0.01
tanglegram1 34759 68342 205026 34759 0.04 0.06
tanglegram2 4714 8980 26940 4714 0.00 0.01
timtab1 397 171 829 64 0.00 0.00
triptim1 30055 15706 515436 511244 0.54 0.48
unitcal_7 25755 48939 127595 2856 0.01 0.01
vpphard 51471 47280 372305 225798 0.11 0.11
zib54-UUE 5150 1809 15288 81 0.00 0.00


100/164547/13755.10 32/624166/32077.91 666/27678735/515868.40 0/11396108/439293.79 198.84 17.50
