long01 52729 17241 1012492 12517055 20.39 13.73
long02 52803 17241 1012566 12517129 20.34 13.69
long03 52838 17241 1012601 12517164 20.38 13.72
long04 52831 17241 1012594 12517157 20.37 13.75
long05 52789 17241 1012552 12517115 20.33 13.67
long_hidden01 63205 28370 1065275 12782145 20.91 14.80
long_hidden02 63205 28370 1065275 12782145 20.94 14.75
long_hidden03 63620 29210 1068150 12807280 20.92 15.00
long_hidden04 63205 28370 1065275 12806645 20.92 15.01
long_hidden05 62880 27530 1062510 12806120 20.97 15.02
long_hint01 62820 27480 1062280 12781490 21.01 14.87
long_hint02 59551 23990 1051461 12778211 20.90 14.73
long_hint03 59620 23990 1051450 12778200 20.90 14.80
long_late01 63005 27875 1063670 12781810 20.92 14.79
long_late02 63005 27875 1063670 12781810 20.98 14.74
long_late03 63005 27875 1063670 12781810 20.98 14.80
long_late04 63005 27875 1063670 12781810 20.97 14.88
long_late05 62631 27243 1061472 12781324 20.91 14.74
medium01 30279 8668 622441 7780434 12.72 8.50
medium02 30309 8668 622471 7780464 12.80 8.13
medium03 30309 8668 622471 7780464 13.02 8.38
medium04 30273 8668 622435 7780428 12.65 8.19
medium05 30348 8668 622510 7780503 12.70 8.20
medium_hidden01 37415 16070 635725 7674835 12.13 8.12
medium_hidden02 37415 16070 635725 7674835 12.25 8.18
medium_hidden03 37415 16070 635725 7674835 12.13 8.11
medium_hidden04 37415 16070 635725 7674835 12.24 8.19
medium_hidden05 37415 16070 635725 7674835 12.17 8.16
medium_hint01 34886 14062 623384 7538234 12.40 8.11
medium_hint02 34814 14062 623352 7538202 12.42 8.14
medium_hint03 34886 14062 623384 7538234 12.42 8.13
medium_late01 34850 14062 623360 7538210 12.41 8.14
medium_late02 34814 14062 623352 7538202 12.43 8.15
medium_late03 29486 8872 603434 7533044 12.42 8.13
medium_late04 34770 13902 622880 7538130 12.39 8.12
medium_late05 35810 14450 630920 7675010 12.12 8.16
sprint01 10460 3522 204210 2513720 3.50 2.67
sprint02 10458 3522 204208 2513718 3.49 2.67
sprint03 10456 3522 204206 2513716 3.50 2.66
sprint04 10452 3522 204202 2513712 3.49 2.65
sprint05 10458 3522 204208 2513718 3.50 2.67
sprint06 10452 3522 204202 2513712 3.49 2.66
sprint07 10456 3522 204206 2513716 3.50 2.66
sprint08 10444 3522 204194 2513704 3.49 2.67
sprint09 10458 3522 204208 2513718 3.48 2.65
sprint10 10454 3522 204204 2513714 3.48 2.65
sprint_hidden01 10421 3814 202591 2470181 3.48 2.63
sprint_hidden02 10421 3814 202591 2470901 3.48 2.63
sprint_hidden03 11867 5032 208587 2515077 3.49 2.65
sprint_hidden04 11867 5032 208587 2513817 3.49 2.65
sprint_hidden05 11851 5032 208571 2515241 3.49 2.66
sprint_hidden06 10381 3694 202311 2470141 3.49 2.63
sprint_hidden07 10381 3694 202311 2470861 3.48 2.62
sprint_hidden08 11827 4872 208227 2515037 3.49 2.66
sprint_hidden09 11827 4872 208227 2513777 3.49 2.65
sprint_hidden10 11811 4872 208211 2515201 3.49 2.66
sprint_hint01 11872 5032 208592 2515082 3.49 2.67
sprint_hint02 9783 3032 201123 2513073 3.49 2.66
sprint_hint03 11863 5032 208583 2515073 3.48 2.65
sprint_late01 11863 5032 208583 2515073 3.49 2.67
sprint_late02 10423 3804 202783 2470353 3.48 2.63
sprint_late03 11863 5032 208583 2515073 3.49 2.66
sprint_late04 11863 5032 208583 2515073 3.49 2.67
sprint_late05 11872 5032 208592 2515082 3.48 2.64
sprint_late06 9792 3032 201132 2513082 3.48 2.65
sprint_late07 9785 3032 201125 2513075 3.49 2.66
sprint_late08 9785 3032 201125 2513255 3.49 2.66
sprint_late09 9817 3096 201344 2513302 3.48 2.66
sprint_late10 9783 3032 201123 2513073 3.48 2.65


9783/63620/29669.88 3032/29210/11676.55 201123/1068150/534770.80 2470141/12807280/6511263.84 712.98 496.32
