t0415 7254 1518 48867 2045764 1.68 0.74
t0415pre 3313 870 20592 281104 0.08 0.08
t0416 9345 1771 62703 2726927 2.67 1.09
t0416pre 3299 974 19692 208602 0.06 0.06
t0417 7894 1765 54885 2346631 2.15 0.82
t0417pre 3775 897 24186 398176 0.12 0.11
t0418 8676 1765 66604 3151353 3.24 1.29
t0418pre 4072 999 29368 506655 0.15 0.14
t0419 9362 1626 64745 3056164 3.44 1.07
t0419pre 3288 904 19990 227924 0.07 0.07
t0420 4583 958 27781 675791 0.23 0.20
t0420pre 1873 562 10271 87178 0.02 0.02
t0421 4016 952 24214 621412 0.21 0.18
t0421pre 1692 557 9015 69444 0.02 0.02
t1716 56865 467 249149 48816593 60.07 8.69
t1716pre 11953 467 61110 3266336 1.88 1.85
t1717 73885 551 325689 70282522 87.89 12.88
t1717pre 16429 551 85108 5410318 4.12 3.43
t1718 67796 523 305064 65652251 82.01 11.81
t1718pre 16311 523 83984 5524850 4.11 3.66
t1719 72520 556 317391 65443990 82.36 12.07
t1719pre 15847 556 83893 5086532 3.86 3.80
t1720 69134 538 310512 65356816 82.92 12.22
t1720pre 16196 538 84194 5325578 3.89 3.60
t1721 36039 357 148848 23088250 24.94 3.74
t1721pre 9044 357 44106 2284014 0.99 0.97
t1722 36630 338 133096 19433519 21.51 3.00
t1722pre 6582 338 33691 1333288 0.53 0.51
v0415 7684 1518 20668 2152650 1.15 0.29
v0415pre 4537 598 10988 435937 0.11 0.09
v0416 19020 1771 58453 10461055 8.52 1.06
v0416pre 11226 812 33991 4309352 2.85 0.50
v0417 143317 1765 531820 1935532747 10978.86 218.95
v0417pre 55770 715 206131 263255489 384.43 29.59
v0418 8306 1765 20748 768894 0.20 0.17
v0418pre 4958 742 11177 191025 0.05 0.05
v0419 15709 1626 52867 33979382 48.57 4.79
v0419pre 7853 650 25052 6523673 6.65 0.83
v0420 4099 958 10240 363075 0.10 0.07
v0420pre 2594 417 6124 132694 0.04 0.03
v0421 1814 952 3119 13812 0.00 0.00
v0421pre 1135 286 1437 4538 0.00 0.00
v1616 67441 1439 244727 64560847 62.21 6.47
v1616pre 52927 1230 199724 43907993 42.14 4.58
v1617 113655 1619 432278 186441168 223.99 21.79
v1617pre 85458 1409 336147 100330206 102.51 11.04
v1618 146715 1603 545337 628949490 1508.02 71.34
v1618pre 90974 1396 349947 141803988 152.64 14.24
v1619 105822 1612 401097 179787279 209.59 18.23
v1619pre 85697 1424 336068 138399175 163.71 14.09
v1620 115729 1560 444445 198297948 230.82 20.03
v1620pre 89513 1365 353689 118181168 125.04 11.42
v1621 24772 938 76971 8841645 4.29 1.04
v1621pre 16684 807 54208 3757984 1.57 0.64
v1622 13773 859 41656 2170427 0.75 0.38
v1622pre 11060 736 35304 1630351 0.56 0.30


1135/146715/33677.05 286/1771/988.39 1437/545337/135592.16 4538/1935532747/79962356.68 14734.60 540.16
