1 1 CL000001 501
2 15 CL000015 501
3 16 CL000016 251
4 21 CL000021 250
5 26 CL000026 501
6 30 CL000030 501
7 50 CL000050 501
8 53 CL000053 500
9 187 CL000187 875
10 197 CL000197 126
11 465 CL000465 251
12 467 CL000467 250
13 615 CL000615 501
14 693 CL000693 250
15 732 CL000732 501
16 753 CL000753 250
17 820 CL000820 250
18 823 CL000823 751
19 943 CL000943 250
20 1282 CL001282 126
21 1683 CL001683 250
22 2307 CL002307 250
23 2525 CL002525 751
24 2610 CL002610 250
25 2715 CL002715 251
26 2836 CL002836 251
27 2908 CL002908 251
28 4130 CL004130 501
29 5670 CL005670 501
30 5674 CL005674 250
31 6183 CL006183 250
32 9127 CL009127 501
33 10182 CL010182 501
34 10742 CL010742 501
